date,close,YesterdayClose,YesterdayOpenLogR,YesterdayHighLogR,YesterdayLowLogR,YesterdayVolumeLogR,YesterdayCloseLogR,MA10,MA20,MA30,DayOfWeek,DayOfMonth,MonthNumber,EMA10,EMA30,RSI,MACD,MACD_Signal,BollingerUpper,BollingerLower,Volatility_10,Volatility_20,Volatility_30,OBV,ZScore,insider_shares,insider_amount,insider_buy_flag,sentiment,num_articles,overnight_gap,abnormal_vol,volatility_5d,volatility_20d,momentum_5d,momentum_20d,skew_5d,intraday_range,sentiment_change
2025-06-09,10.17,10.15,0.0019685045726721,0.0019685045726721,0.0019685045726721,3.9477562119327976,0.0019685045726721,10.13712,10.109660000000002,10.074966666666665,0,9,6,10.139317074112087,10.089351442061927,66.07929515418445,0.0361373298820382,0.0346183358947094,10.21189523751366,10.007424762486345,0.0010719552027136,0.0021328374005557,0.0017921482461753,3104296.0,1.1804149228280765,0,0,-1,0,0,0.0019704433497536,-0.5028328155256107,0.0221346017838016,0.033857744092847,0.0049407114624506,0.0149700598802395,-0.8829584387273984,0.0,0.0
2025-06-10,10.15,10.17,-0.0019685045726721,-0.0019685045726721,-0.0019685045726721,-1.745753794642865,-0.0019685045726721,10.14,10.116409999999998,10.0803,1,10,6,10.141259424273526,10.09326425225148,54.545454545454405,0.0347638322510377,0.0346474351659751,10.20977150226546,10.023048497734536,0.0013214789682365,0.0022020255674713,0.0018518803535829,3103247.0,0.7195685413135819,0,0,-1,0,0,-0.0019665683382497,-0.5306892987342622,0.0279637940567119,0.0349560721928104,0.0009861932938854,0.0134797803295056,-0.0504741028212465,0.0,0.0
2025-06-11,10.19,10.15,0.0019685045726721,0.0039331417468369,0.0019685045726721,1.6185478634616903,0.0039331417468369,10.147,10.12541,10.086966666666669,2,11,6,10.150121347132885,10.09950526823526,66.66666666666627,0.0364824442808675,0.0350144369889536,10.209858873352625,10.040961126647376,0.0017407440765349,0.0022993981976007,0.0019500544639305,3108540.0,1.5296829297011307,0,0,-1,0,0,0.0019704433497536,-0.4689508918387986,0.037646734575503,0.0365018147757702,0.0029527559055118,0.017982017982018,0.6028443792847735,0.001962708537782,0.0
2025-06-12,10.19,10.19,0.0019646371741648,0.0,0.0019646371741648,-4.62289675327656,0.0,10.154,10.13341,10.092966666666666,3,12,6,10.157372011290542,10.105343638026534,66.66666666666627,0.0374131808366531,0.0354941857584935,10.209725078181815,10.057094921818187,0.0017407440765349,0.0022923014984575,0.0019368555264998,3108540.0,1.4830620985587664,0,0,-1,0,0,0.0,-0.4972725071301815,0.03564560297805,0.0363891581693956,0.0039408866995072,0.0159521435692922,0.4069649317332759,0.0,0.0
2025-06-13,10.21,10.19,0.0019607849419408,0.0019607849419408,0.0019607849419408,2.972384909557,0.0019607849419408,10.163,10.14266,10.099966666666663,4,13,6,10.166940736510444,10.11209566137966,79.36507936507944,0.0393114709491708,0.036257642796629,10.207655559362498,10.0776644406375,0.0017646708887207,0.0022853095344176,0.0019282115612606,3109556.0,2.0721415635313427,0,0,-1,0,0,0.0019627085377822,-0.4826025704070487,0.0356321795721754,0.0362781641812431,0.005911330049261,0.0184538653366583,-0.4004522108353811,0.0,0.0
2025-06-16,10.28,10.21,0.0996636138933384,0.0996636138933384,0.0068326278504447,-1.442989704796436,0.0068326278504447,10.178999999999998,10.15366,10.1093,0,16,6,10.187496966235818,10.122928199355169,85.89511754068708,0.0459347868954527,0.0381930716163937,10.232701105894686,10.074618894105312,0.0025422200724336,0.0025885174747859,0.0022262797705422,3109796.0,3.1968176196404365,0,0,-1,0,0,0.1047992164544562,-0.4173912213345633,0.0543903328488432,0.0410914410157718,0.0108161258603736,0.0218687872763418,0.3009207500694293,0.0972762645914396,0.0
2025-06-17,10.28,10.28,-0.0928309860428937,-0.0928309860428937,0.0,-2.222542385320509,0.0,10.193,10.16062,10.11844,1,17,6,10.204315699647486,10.1330618639129,86.36363636363659,0.0506005211907396,0.0406745615312629,10.257414075503794,10.063825924496204,0.0025838438553692,0.0020132221980383,0.0022318753587519,3109796.0,2.4666798949966497,0,0,-1,0,0,0.0,-0.5123133310408148,0.0461633698007943,0.0319589116195462,0.0128078817733989,0.0137267276743451,0.8297424491953848,0.0,0.0
2025-06-18,10.21,10.28,-0.0068326278504447,-0.0068326278504447,-0.0068326278504447,3.189209324519731,-0.0068326278504447,10.198,10.16412,10.125106666666666,2,18,6,10.205349208802488,10.138025614628196,65.51724137931078,0.0480953213230517,0.0421587134896206,10.26281825573035,10.065421744269653,0.0036362947918025,0.0026188484037233,0.0026390674005512,3109165.0,0.9297023470272386,0,0,-1,0,0,-0.0068093385214006,-0.4310697869324655,0.0779375457062278,0.0415729295857823,0.0019627085377822,0.0069033530571991,-0.3607788164097734,0.0,0.0
2025-06-20,10.25,10.21,0.0280076249869033,0.0280076249869033,0.0039100734078428,0.1899521687432439,0.0039100734078428,10.208,10.16962,10.133106666666666,4,20,6,10.213467534474765,10.145249768523152,69.69696969697003,0.048775346254942,0.0434820400426849,10.27471143086907,10.06452856913093,0.0037432633326153,0.0027354292655776,0.0027013252406246,3109928.0,1.529715588326947,0,0,-1,0,0,0.028403525954946,-0.4285799237004749,0.0815441544296166,0.0434235933943586,0.0058881256133465,0.0108481262327415,-0.951268965216617,0.024390243902439,0.0
2025-06-23,10.25,10.25,-0.0240975515790605,-0.0240975515790605,0.0,-0.2011076629150293,0.0,10.218,10.17512,10.140773333333332,0,23,6,10.220109800933896,10.152007847973271,69.69696969697003,0.0487522849194714,0.0445360890180422,10.28508515428943,10.06515484571057,0.0037432633326153,0.0027354292655776,0.002704861122608,3109928.0,1.3618859625825614,0,0,-1,0,0,0.0,-0.430925636840959,0.0815559798869369,0.0434235933943586,0.0039177277179234,0.0108481262327415,-0.5744549713331568,0.0,0.0
2025-06-24,10.5,10.25,0.0240975515790605,0.0240975515790605,0.0240975515790605,-0.0475889628237978,0.0240975515790605,10.251,10.19406,10.156773333333332,1,24,6,10.270998928036825,10.174458954555645,82.14285714285737,0.068121655270092,0.0492532022684522,10.37347646230871,10.01464353769129,0.0083171820746648,0.005941230985257,0.0050859456409731,3110523.0,3.4103893930712927,0,0,-1,0,0,0.024390243902439,-0.4318454227713271,0.1885263120959276,0.0943141180114889,0.0214007782101168,0.0374263921274158,1.6365882424560494,0.0,0.0
2025-06-25,10.52,10.5,0.001902950146086,0.001902950146086,0.001902950146086,-1.7833912195575383,0.001902950146086,10.288,10.214,10.173606666666668,2,25,6,10.316271850211946,10.196751925229474,82.14285714285737,0.084116214316646,0.056225804678091,10.44151749498955,9.986482505010446,0.0081366066628832,0.0059251684921875,0.0050710850955509,3110623.0,2.6899030337342014,0,0,-1,0,0,0.0019047619047618,-0.4409508717158282,0.1862608201061031,0.0940591338389021,0.0233463035019454,0.0394024423981345,1.551587020903219,0.0,0.0
2025-06-26,10.52,10.52,0.0,0.0,0.0,-2.8134107167600364,0.0,10.321,10.234,10.190606666666667,3,26,6,10.353313331991592,10.2176066397308,83.63636363636385,0.0956889746600513,0.064118438674483,10.49463889114818,9.97336110885182,0.0082142053993224,0.0059230482223255,0.0050645920818922,3110623.0,2.194607249440766,0,0,-1,0,0,0.0,-0.3971374720301855,0.1648387931083731,0.094025475598299,0.0303623898139078,0.0395256916996047,2.104415781661185,0.0,0.0
2025-06-27,10.3,10.52,-0.0124344021984276,-0.0124344021984276,-0.0211343120739736,4.7847100998201695,-0.0211343120739736,10.332,10.243,10.199606666666666,4,27,6,10.343619998902213,10.222922340393328,59.74025974025984,0.0861156219415217,0.0685178753278908,10.49946175461256,9.98653824538744,0.011233031971582,0.0078266378824765,0.0065290432637568,3109905.0,0.4445107231377316,0,0,-1,0,0,-0.0123574144486691,-0.29822386192822,0.2547416594498685,0.1242440246327413,0.0048780487804878,0.0177865612648222,0.2054641125632565,0.0087378640776698,0.0
2025-06-30,10.48,10.3,0.0076702197713094,0.0086248737817601,0.0163701296468554,-0.1828788150975925,0.0173247836573059,10.358999999999998,10.261,10.214773333333335,0,30,6,10.368416362738174,10.239507995851824,66.6666666666668,0.0919927316698387,0.0732128465962804,10.531274714045985,9.990725285954015,0.012373912484968,0.0086516240054078,0.0071872102402041,3110503.0,1.6205733545813077,0,0,-1,0,0,0.016504854368932,-0.301906086775792,0.2791328631662395,0.1373402733308745,0.0224390243902439,0.0355731225296442,-0.5159440507550974,0.0009541984732824,0.0
2025-07-01,10.48,10.48,0.0009546540104505,0.0,0.0009546540104505,-inf,0.0,10.379,10.279,10.228773333333333,1,1,7,10.38870429678578,10.255023609022674,68.13186813186823,0.0955489546003427,0.0776800681970928,10.557560207986874,10.000439792013124,0.0123067149762319,0.0086516240054078,0.0071822120578001,3110503.0,1.443135051144643,0,0,-1,0,0,0.0,-0.2745509846119405,0.2167748762773619,0.1373402733308745,-0.0019047619047618,0.0355731225296442,-0.5098657674987374,0.0,0.0
2025-07-02,10.3,10.48,-0.017324783657306,-0.017324783657306,-0.017324783657306,inf,-0.017324783657306,10.381,10.287,10.23408,2,2,7,10.372576242824728,10.257925311666371,55.23809523809531,0.0828873178125579,0.0787215181201859,10.5578349662569,10.016165033743102,0.0137323010830443,0.0096334883124238,0.0078241117984124,3109780.0,0.0959994211948898,0,0,-1,0,0,-0.0171755725190839,-0.2577561572828633,0.2449979547245325,0.1529268859963254,-0.020912547528517,0.0157790927021697,0.3692835760892076,0.0,0.0
2025-07-03,10.3,10.3,0.0,0.0,0.0,-inf,0.0,10.39,10.294,10.239413333333337,3,3,7,10.35938056231114,10.260639807687898,55.23809523809531,0.072022647191785,0.0773817439345057,10.558169004915229,10.029830995084772,0.0135087628354891,0.0096312426546965,0.007823906775692,3109780.0,0.0454254654282823,0,0,-1,0,0,0.0,-0.2471441966664031,0.2449979547245325,0.152891237285067,-0.020912547528517,0.013779527559055,0.3692835760892076,0.0,0.0
2025-07-07,10.47,10.3,0.0192313619278875,0.0192313619278875,0.0163701296468554,inf,0.0163701296468554,10.412,10.31,10.250413333333332,0,7,7,10.37949318734548,10.274146916869324,60.83333333333338,0.076250923518053,0.0771555798512152,10.576201348408953,10.043798651591048,0.0143737027180399,0.0102421262028287,0.0083466193477155,3110373.0,1.2020975923397654,0,0,-1,0,0,0.0194174757281552,-0.2215339867860272,0.2267791534033757,0.1625887129753385,0.0165048543689321,0.0315270935960592,-0.5222851676026423,0.0028653295128939,0.0
2025-07-08,10.36,10.47,-0.0134230203321407,-0.0134230203321407,-0.0105617880511086,0.7048824367783663,-0.0105617880511086,10.423,10.3205,10.257746666666666,1,8,7,10.37594897146448,10.2796858254584,53.22580645161291,0.0699197904572326,0.0757084219724187,10.576499588815471,10.064500411184524,0.0149272069675799,0.0105921158523195,0.008610671285463,3109173.0,0.3085942456608564,0,0,-1,0,0,-0.0105062082139447,0.1150540574933065,0.2027974101491725,0.1681446264193355,-0.0114503816793893,0.0206896551724136,0.5402488711069028,0.0,0.0
2025-07-09,10.36,10.36,0.0,0.0,0.0,-inf,0.0,10.409,10.33,10.265706666666668,2,9,7,10.373049158470938,10.284867385106246,53.22580645161291,0.0641626942932589,0.0733992764365867,10.576405741559917,10.083594258440083,0.0125077883724629,0.0105925385649254,0.0085979698052348,3109173.0,0.2435008195026546,0,0,-1,0,0,0.0,-0.6200118199605681,0.2027974101491725,0.1681513367739231,-0.0114503816793893,0.0186823992133726,0.5402488711069028,0.0,0.0
2025-07-10,10.36,10.36,0.0,0.0,0.0,inf,0.0,10.393,10.3405,10.273666666666667,3,10,7,10.370676584203492,10.289714650583262,56.41025641025636,0.0589209500702807,0.0705036111633255,10.572059927448615,10.108940072551386,0.0124684957765881,0.0105728643717464,0.0085979698052348,3109173.0,0.1684229237317081,0,0,-1,0,0,0.0,-0.5300057200205511,0.1538259220387115,0.1678390186395379,0.0058252427184464,0.0206896551724136,0.9048481515647324,0.0,0.0
2025-07-11,10.39,10.36,0.0,0.002891568279799,0.0,4.718498871295094,0.002891568279799,10.38,10.3505,10.282666666666668,4,11,7,10.374189932530127,10.296184673126277,56.03448275862071,0.056535868983099,0.0677100627272802,10.571738142709348,10.129261857290652,0.0125396300141875,0.0105605425695678,0.008604314935777,3114773.0,0.3570812836907026,0,0,-1,0,0,0.0,4.039910549030239,0.1537767818720167,0.1676434160939256,0.0087378640776698,0.0196270853778215,0.6093673779877479,0.0028873917228105,0.0
2025-07-14,10.39,10.39,0.002891568279799,0.0,0.002891568279799,-inf,0.0,10.389,10.360499999999998,10.291666666666666,0,14,7,10.377064490251923,10.302237274860063,56.03448275862071,0.0540229323024519,0.0649726366423145,10.568899919183758,10.152100080816238,0.0104515995369986,0.0105605425695678,0.008604314935777,3114773.0,0.2831095147785569,0,0,-1,0,0,0.0,-0.5525317509931668,0.0821733859579421,0.1676434160939256,-0.0076408787010506,0.0196270853778215,-1.887527570244378,0.0,0.0
2025-07-16,10.2921,10.39,-0.0094671944543483,-0.0094671944543483,-0.0094671944543483,inf,-0.0094671944543483,10.36121,10.370105,10.306403333333332,2,16,7,10.363540691821534,10.306880070923327,38.46543172385871,0.0410177109832581,0.0580161834582275,10.565239603745608,10.174970396254391,0.0090897875369963,0.0107057970122947,0.0088083765986415,3114673.0,-0.7994994071035603,0,0,-1,0,0,-0.009422521655438,-0.4201505958026715,0.0747323363531121,0.1699492588876212,-0.006554054054054,0.0011770428015565,-1.813123456802832,0.0,0.0
2025-07-17,10.2921,10.2921,0.0,0.0,0.0,-inf,0.0,10.36042,10.37071,10.311473333333334,3,17,7,10.350551475126707,10.305926517960533,38.46543172385871,0.0323858671504257,0.0528901201966672,10.564740240724989,10.17667975927501,0.0073024504000469,0.0107057970122947,0.0088051158494309,3114673.0,-0.8102860637215586,0,0,-1,0,0,0.0,-0.5001890759648069,0.0747323363531121,0.1699492588876212,-0.006554054054054,0.0011770428015565,-1.813123456802832,0.0,0.0
2025-07-29,10.28,10.2921,0.0075404115846481,0.0104291954905392,-0.0011763506297687,inf,-0.0011763506297687,10.29089,10.335445,10.343296666666667,1,29,7,10.301637999051309,10.299429026191634,21.428571428571885,6.822590433586129e-05,0.0145891664569539,10.45876292843578,10.21212707156422,0.0029614925874761,0.0063183979181567,0.0087576720968806,3113073.0,-0.8992204248528941,0,0,-1,0,0,0.0075689120781958,0.861153116828579,0.0083463509342697,0.1003014574547463,-0.0011756590005926,-0.0190839694656489,-2.2360679775003973,0.0116731517509728,0.0
2025-07-30,10.28,10.28,-0.0087167622144169,-0.011605546120308,0.0,-inf,0.0,10.28968,10.325445,10.343296666666667,2,30,7,10.297703817405614,10.298175540630885,21.428571428571885,-0.0019973044724395,0.0112718722710752,10.430489080471547,10.220400919528451,0.000371776019355,0.0063183979181567,0.0086687439083518,3113073.0,-0.8652558011074168,0,0,-1,0,0,0.0,-0.3838500339130188,0.0083463509342697,0.1003014574547463,-0.0011756590005926,-0.0190839694656489,-2.2360679775003973,0.0,0.0
2025-08-04,10.28,10.28,0.0,0.0,0.0,inf,0.0,10.28605,10.313945,10.34663,0,4,8,10.289696531095936,10.294879771086796,0.0,-0.00569454302844,0.0034040945373801,10.398265727925596,10.229624272074403,0.000371776019355,0.0031818081841917,0.0085441299148906,3113073.0,-0.8051401081345819,0,0,-1,0,0,0.0,-0.3294135677694969,0.0083463509342697,0.0505096390492888,-0.0011756590005926,-0.0181470869149953,-2.2360679775003973,0.0,0.0
2025-08-05,10.28,10.28,0.0,0.0,0.0,-inf,0.0,10.28484,10.309945,10.34763,1,5,8,10.28793352544213,10.29391978585539,0.0,-0.0063289708857112,0.0014574814527618,10.392641183963429,10.227248816036573,0.000371776019355,0.0022429433622154,0.0085441299148906,3113073.0,-0.7242172145027764,0,0,-1,0,0,0.0,-0.2867259135843035,0.0,0.0356056220473505,0.0,-0.0077220077220077,0.0,0.0,0.0
2025-08-13,10.26,10.28,-0.0019474202843955,-0.0019474202843955,-0.0019474202843955,inf,-0.0019474202843955,10.278,10.28384,10.30963,2,13,8,10.278743571739549,10.288039005767368,0.0,-0.0085319703088959,-0.0051174078480591,10.300232347380376,10.267447652619625,0.0006152291167642,0.0004963102370947,0.0051383333157099,3112973.0,-2.908674327941827,0,0,-1,0,0,-0.0019455252918287,0.0417054229802317,0.0138118594157961,0.00787868076293,-0.0019455252918287,-0.0031188970181011,-2.236067977499924,0.0,0.0
2025-08-14,10.26,10.26,0.0,0.0,0.0,-inf,0.0,10.276,10.282235,10.308296666666669,3,14,8,10.275335649605084,10.286230037653343,0.0,-0.0095779891225582,-0.0060095241029589,10.301291511527197,10.263178488472803,0.0006152291167642,0.0004963102370947,0.0040881800014667,3112973.0,-2.333585553501444,0,0,-1,0,0,0.0,-0.2381967446723304,0.0138118594157961,0.00787868076293,-0.0019455252918287,-0.0031188970181011,-2.236067977499924,0.0,0.0
2025-08-21,10.26,10.26,0.0,0.0,0.0,inf,0.0,10.266,10.27421,10.289963333333333,3,21,8,10.265622782680827,10.278792321525128,0.0,-0.0109118655644753,-0.0092542625885546,10.296792424465586,10.251627575534414,0.0006152291167642,0.0004963102370947,0.0018498254840715,3112973.0,-1.258500832951364,0,0,-1,0,0,0.0,-0.1718497489329117,0.0,0.00787868076293,0.0,-0.0031188970181011,0.0,0.0,0.0
2025-08-22,10.26,10.26,0.0,0.0,0.0,-inf,0.0,10.264,10.272605,10.28563,4,22,8,10.26460045855704,10.277579913684798,0.0,-0.0107194537702497,-0.0095473008248936,10.294382291407786,10.250827708592215,0.0006152291167642,0.0004963102370947,0.0017489537607874,3112973.0,-1.1576278944859273,0,0,-1,0,0,0.0,-0.2418781714809605,0.0,0.00787868076293,0.0,-0.0031188970181011,0.0,0.0,0.0
2025-09-25,10.4,10.26,0.0135529664047036,0.0135529664047036,0.0135529664047036,inf,0.0135529664047036,10.274,10.267,10.264666666666669,3,25,9,10.285500080637007,10.272824113154234,100.0,0.0083698867963164,-0.0016217156777625,10.32960990337005,10.204390096629949,0.004314998756565,0.0030511648815786,0.0024912656936557,3113078.0,4.248529157245767,0,0,-1,0,0,0.01364522417154,4.248528716734052,0.0968714818285328,0.0484357409142664,0.0136452241715401,0.0136452241715401,2.236067977499788,0.0,0.0
2025-09-26,10.55,10.4,0.0114724011622367,0.0143200537747484,0.0114724011622367,3.079285296372272,0.0143200537747484,10.303,10.2815,10.274333333333336,4,26,9,10.333590975066643,10.290706428434609,100.0,0.0291544547048818,0.0045335183987663,10.422515116770873,10.140484883229126,0.0059201570736178,0.0043214630460167,0.0035620427421456,3115361.0,3.808102367298248,0,0,-1,0,0,0.0115384615384614,4.244033573315688,0.1221025686758327,0.0686010991182952,0.0282651072124757,0.0282651072124757,0.614411438414487,0.0028436018957347,0.0
2025-09-29,10.55,10.55,0.0028476526125119,0.0,0.0028476526125119,-inf,0.0,10.332,10.296,10.284,0,29,9,10.372938070509072,10.307435045954955,100.0,0.0451064158331906,0.0126480978856511,10.480607692147457,10.111392307852546,0.0059201570736178,0.0043214630460167,0.0035620427421456,3115361.0,2.751781326610347,0,0,-1,0,0,0.0,-0.2342103940903555,0.1221025686758327,0.0686010991182952,0.0282651072124757,0.0282651072124757,0.614411438414487,0.0,0.0
2025-10-08,11.0,10.55,0.0417694128762949,0.0417694128762949,0.0417694128762949,inf,0.0417694128762949,10.58,10.42,10.366666666666667,2,8,10,10.588359758846712,10.42694872876796,100.0,0.1146497722192325,0.0691875973342824,10.8114883879437,10.0285116120563,0.0137978204519461,0.0101657345962054,0.0084012762494479,3115461.0,2.963050848309761,0,0,-1,0,0,0.0426540284360188,-0.0479319331906725,0.3028135623577047,0.1613760338150717,0.0426540284360188,0.0721247563352827,2.2360679774997894,0.0,0.0
2025-10-09,10.56,11.0,0.0,0.0,-0.040821994520255,2.8970163006148333,-0.040821994520255,10.596,10.435,10.376666666666669,3,9,10,10.5832034390564,10.435532681750672,62.711864406779696,0.1061916138590799,0.0765884006392419,10.823654900366597,10.046345099633404,0.0199950786639699,0.0140794556485903,0.0114200691183693,3113649.0,0.6432441730805133,0,0,-1,0,0,0.0,2.5264157384530064,0.4640380525466312,0.2235044294480018,0.000947867298578,0.0292397660818715,0.1361146184826334,0.0416666666666666,0.0
2025-10-10,10.56,10.56,-0.040821994520255,-0.040821994520255,0.0,-inf,0.0,10.597,10.45,10.386666666666663,4,10,10,10.578984631955237,10.443562831315148,62.711864406779696,0.0983546907693977,0.0809416586652731,10.833337147196922,10.066662852803075,0.0194897743990328,0.0140794556485903,0.0114200691183693,3113649.0,0.5739073335540515,0,0,-1,0,0,0.0,-0.3401248489463973,0.4640380525466312,0.2235044294480018,0.000947867298578,0.0292397660818715,0.1361146184826334,0.0,0.0
2025-10-20,11.0,10.56,0.0362661779843943,0.0408219945202549,0.0362661779843943,inf,0.0408219945202549,10.647,10.562,10.461333333333332,0,20,10,10.645695097030764,10.510348498346165,66.9172932330827,0.0971611405519947,0.0815176540842615,10.91548490625117,10.208515093748831,0.0234734953404739,0.016682304215813,0.0136141689855808,3113961.0,2.478182192530612,0,0,-1,0,0,0.036931818181818,0.1291278220620214,0.2958039891549798,0.2648233695033937,0.0416666666666665,0.0721247563352827,2.2360679774997907,0.0045454545454546,0.0
2025-10-21,11.0,11.0,0.0045558165358608,0.0,0.0045558165358608,-inf,0.0,10.692,10.599,10.486,1,21,10,10.710114170297896,10.5419389178077,66.9172932330827,0.1196728222029932,0.0891486877080078,10.97366616719706,10.22433383280294,0.0234734953404739,0.016682304215813,0.0136141689855808,3113961.0,2.140572248623067,0,0,-1,0,0,0.0,-0.3658092846130484,0.2958039891549798,0.2648233695033937,0.0416666666666665,0.0721247563352827,2.2360679774997907,0.0,0.0
2025-10-31,11.0,11.0,0.0,0.0,0.0,inf,0.0,11.0,10.801,10.683333333333334,4,31,10,10.941786249420472,10.731333308447876,100.0,0.1520988820607414,0.1433551198691521,11.252472444808204,10.349527555191797,0.0131761569173682,0.0163147673696861,0.0136141689855808,3113961.0,0.8815598926952898,0,0,-1,0,0,0.0,-0.261757581155688,0.0,0.2589889029483654,0.0,0.0426540284360188,0.0,0.0,0.0
2025-11-03,14.0,11.0,0.1913713923138725,0.2553466918088444,0.1913713923138725,7.8053116128000415,0.241162056816888,11.3,10.9735,10.808,0,3,11,11.497825113162204,10.942215030483498,100.0,0.3867543942783165,0.192034974750985,12.463371417977177,9.483628582022824,0.0862439361864103,0.0626223736068376,0.0511790923087664,3126229.0,4.062766710578465,0,0,-1,0,0,0.2109090909090909,4.201914193774898,1.936171565378056,0.9940993624336036,0.2727272727272727,0.3270142180094786,2.2360679774997885,0.0628571428571427,0.0
2025-11-04,13.9978,14.0,0.0497906645030156,0.0706750239499672,0.0496335092976402,-1.0838859120093982,-0.0001571552053752,11.59978,11.14589,10.932593333333331,1,4,11,11.952366001678168,11.139349544645851,99.93608738597408,0.5660183494997408,0.2668316497007362,13.14148129862754,9.150298701372458,0.0862494717622418,0.0626244770914057,0.0511803183384225,3122079.0,2.858210498273256,0,0,-1,0,0,0.0,1.131186362831427,1.93645076755128,0.9941327542159266,0.2725272727272727,0.3268056872037914,2.2360662377510163,0.0887353727014245,0.0
2025-11-05,13.5659,13.9978,0.078282918394044,-0.0065767405478795,-0.0496335092976402,-0.2398485715142126,-0.0313408832827647,11.856370000000002,11.274185,11.04279,2,5,11,12.245735819554865,11.295901186926766,88.7948168606902,0.6655634044510013,0.3465780006507892,13.54168069096093,9.006689309039068,0.0878695902064287,0.0631233479821094,0.0517264654596868,3118814.0,2.021362165437065,0,0,-1,0,0,0.0815985369129435,0.754078275690596,2.002438074545168,1.0020520840947147,0.2332636363636362,0.2332636363636362,2.1715367343694365,0.1341599156709101,0.0
2025-11-06,14.98,13.5659,-0.0452627073659102,-0.0092900469070926,0.0339516004732693,0.2634238984042801,0.0991566869619549,12.25437,11.495185,11.195456666666669,3,6,11,12.74287476145398,11.533584981318588,91.79115767179758,0.8487754742338858,0.4470174953674085,14.2736163622694,8.7167536377306,0.0908170241779244,0.0650593428917597,0.0544889068850663,3123063.0,2.508476579499616,0,0,-1,0,0,0.0666450438231154,1.0238130273100945,1.9805178982016003,1.0327850505172445,0.3618181818181818,0.4185606060606059,1.460920026057687,0.0814419225634179,0.0
2025-11-07,14.98,14.98,0.0346384374456809,-0.0013342230131366,0.083497712503561,-3.4946265357531394,0.0,12.65237,11.716185,11.343123333333333,4,7,11,13.149624804825985,11.755934337362552,91.04616146198588,0.982645039172226,0.5541430041283721,14.860470662846025,8.57189933715398,0.0908170241779244,0.0650593428917597,0.0545439910880241,3123063.0,2.076029565994195,0,0,-1,0,0,0.0,-0.3678011489760454,1.9805178982016003,1.0327850505172445,0.3618181818181818,0.4185606060606059,1.460920026057687,0.0,0.0
2025-11-10,13.9495,14.98,-0.0676586484738148,-0.0591237460239775,-0.1371618542407884,3.054805304679007,-0.0712723127579559,12.94732,11.88566,11.456440000000002,0,10,11,13.295056658493984,11.897454702694,75.08632861006684,0.9941252391760872,0.6421394511379153,15.131305672135632,8.640014327864371,0.0961760077803201,0.0678945944756514,0.0565199894130289,3120326.0,1.2717592790355303,0,0,-1,0,0,-0.0654205607476635,0.4655015723429369,1.0209865142828591,1.0777932740889218,-0.0036071428571428,0.3209753787878788,1.1490590367082898,0.075988386680526,0.0
2025-11-11,13.49,13.9495,-0.0450421965829545,-0.0456435618454314,0.0091464052260762,-0.4375792367209826,-0.0334949951114529,13.19632,12.03216,11.55444,1,11,11,13.33050090240417,12.000199560584711,69.64280079517843,0.955135364658588,0.7047386338420498,15.290342011264324,8.773977988735677,0.0977814666517187,0.0686964653261123,0.0570528011476485,3118559.0,0.8948794112544315,0,0,-1,0,0,-0.0405820997168357,0.1094205675508167,1.0492347005958067,1.09052257921239,-0.0362771292631699,0.2774621212121211,1.5009020418665795,0.0229799851742031,0.0
2025-11-12,13.64,13.49,-0.0153146039579429,0.0110579821956514,0.0,-1.1634904260426011,0.0110579821956514,13.46032,12.18616,11.65744,2,12,11,13.386773465603412,12.105993137321184,70.34462562806326,0.925668820638796,0.748924671201399,15.442518540585212,8.92980145941479,0.0975358017761616,0.0686196420716242,0.0570242736522686,3119111.0,0.8929237870340442,0,0,-1,0,0,-0.0229799851742031,-0.3128933409563846,1.0278574229286863,1.0893030478546963,0.00546222513803,0.2916666666666667,0.9754932022594736,0.0337243401759531,0.0
2025-11-13,12.8,13.64,0.0343061233409548,0.0029282597790883,-0.0292631706793074,2.562018645713456,-0.0635614814897445,13.64032,12.29816,11.73244,3,13,11,13.280087380948244,12.150767773623045,62.28132419966704,0.8250250175390867,0.7641447404689365,15.472063795444496,9.124256204555502,0.1012024106687034,0.0706721287584628,0.0584859757725473,3111956.0,0.3162288666217874,0,0,-1,0,0,0.0,1.6764760840570774,0.5668778343460025,1.1218852639105716,-0.1455273698264352,0.2121212121212121,0.1220796738013022,0.0687578125,0.0
2025-11-14,12.0301,12.8,-0.0674753808108809,-0.0704036405899691,-0.0620338284084661,-1.6010871332166805,-0.0620333284215796,13.74333,12.371665,11.781776666666667,4,14,11,13.052816948048562,12.142982755969944,56.36013385855941,0.6753545163351653,0.7463866956421824,15.442495728183832,9.300834271816168,0.1042242535441577,0.0724566780169514,0.0597839742869484,3110513.0,-0.2224577192517618,0,0,-1,0,0,-0.00390625,-0.1456259886152172,0.5224934206238286,1.1502141051524044,-0.1969225634178906,0.1392140151515151,1.4490724241756434,0.0598498765596296,0.0
2025-11-17,12.0301,12.0301,-0.0581194291004433,-0.0581194291004433,8.31251740436919e-06,-3.840492354288725,0.0,13.54634,12.42317,11.831113333333333,0,17,11,12.866868412039732,12.135699997520272,56.36013385855941,0.5503949553767047,0.7071883475890869,15.431042230699084,9.415297769300915,0.0508088889853284,0.072058761167621,0.0597839742869484,3110513.0,-0.2613608357351303,0,0,-1,0,0,0.0,-0.5880285037174043,0.5323041993496728,1.1438973709975409,-0.137596329617549,0.0936454545454543,0.2230423465967805,0.0,0.0
2025-11-18,12.0301,12.0301,0.0,0.0,0.0,-3.4339872044851463,0.0,13.34957,12.474675,11.88045,1,18,11,12.714728700759782,12.128887094454448,56.36013385855941,0.4462198582682077,0.6549946497249111,15.41444544637308,9.53490455362692,0.0508136397861015,0.072058761167621,0.0597839742869484,3110513.0,-0.302455588359624,0,0,-1,0,0,0.0,-0.5975522494479153,0.566109246185816,1.1438973709975409,-0.1082209043736102,0.0936454545454543,-0.5332793449925085,0.0,0.0
2025-11-19,12.0301,12.0301,0.0,0.0,0.0,5.267858159063328,0.0,13.19599,12.52618,11.914786666666666,2,19,11,12.590250755167094,12.122513733521904,56.36013385855941,0.3595160658525103,0.595898932950431,15.392338775195771,9.660021224804227,0.0506058067757861,0.072058761167621,0.0593863841646754,3110513.0,-0.3461636558959411,0,0,-1,0,0,0.0,-0.5404896732157392,0.5292806410006018,1.1438973709975409,-0.1180278592375367,0.0936454545454543,-0.6096375616970487,0.0,0.0
2025-11-20,12.04,12.0301,0.0099173272825656,0.0099173272825656,0.0008225973766831,1.1936100172903894,0.0008225973766831,12.90199,12.57818,11.96412,3,20,11,12.490205163318532,12.117190266843073,56.4134188455846,0.2882784385655377,0.5343748340734523,15.364374525721068,9.791985474278931,0.03140754803573,0.0720549805723579,0.0587961128442726,3111153.0,-0.3863190419992079,0,0,-1,0,0,0.0099666669437495,-0.411348525726283,0.4285094512167287,1.1438373559082975,-0.059375,0.0945454545454544,-2.2350894325096453,0.0091362126245848,0.0
2025-11-21,12.04,12.04,-0.0090947299058826,-0.0090947299058826,0.0,-inf,0.0,12.60799,12.63018,12.013453333333334,4,21,11,12.408349679078798,12.112210249627392,30.814408770556,0.2291802583428044,0.4733359189273227,15.32983242565938,9.930527574340616,0.03140754803573,0.0720549805723579,0.0587961128442726,3111153.0,-0.437226655098647,0,0,-1,0,0,0.0,-0.615539215608251,0.005842264638188,1.1438373559082975,0.0008229358026949,0.0945454545454544,2.2360679765935223,0.0,0.0
2025-11-24,11.82,12.04,0.0358929230606067,0.0358929230606067,-0.0184414279027227,inf,-0.0184414279027227,12.39504,12.67118,12.055453333333334,0,24,11,12.30137701015538,12.093357975457884,29.55424537158737,0.1627166669051334,0.4112120685228849,15.290294759729276,10.052065240270723,0.0265862385877711,0.0722602435687514,0.0589534514061259,3110588.0,-0.6499753375357872,0,0,-1,0,0,0.0365448504983389,-0.4465409076563301,0.1313038237078401,1.147095804959224,-0.0174645264794139,0.0745454545454544,-2.225545458972446,0.0558375634517766,0.0
2025-11-25,12.97,11.82,-0.0008016032493365,0.0392823483346624,0.0535327477139929,1.318564913679711,0.0928459863504004,12.34304,12.76968,12.135786666666666,1,25,11,12.422944826490768,12.14991552542834,45.07023610582572,0.2005276232784094,0.3690751794739898,15.269628458079248,10.269731541920752,0.0437667664380111,0.0750689987639613,0.0612840821964035,3112700.0,0.1602593040289403,0,0,-1,0,0,0.0549915397631134,0.0158381621827526,0.7328731156512822,1.1916834114003416,0.0781290263588831,0.1790909090909092,2.058315605752272,0.0393215111796453,0.0
2025-11-26,12.97,12.97,0.0393132386364074,-0.0007707129475914,0.0393132386364074,-3.743367639398006,0.0,12.27604,12.86818,12.21612,2,26,11,12.522409403492446,12.202824201207155,28.29279882500325,0.2278663768668334,0.3408334189525586,15.225725185904,10.510634814096,0.0435064969785039,0.0750689987639613,0.0612840821964035,3112700.0,0.0863779838526888,0,0,-1,0,0,0.0,-0.6538836660159385,0.7328731156512822,1.1916834114003416,0.0781290263588831,0.1790909090909092,2.058315605752272,0.0,0.0
2025-11-28,12.5156,12.97,-0.0727448070293131,-0.0356631321247813,-0.0727448070293131,2.19722457733622,-0.0356631321247813,12.247599999999998,12.94396,12.281306666666667,4,28,11,12.521171330130183,12.223003285000246,25.76413201683647,0.2104404273777991,0.3147548206376067,15.14060603995325,10.747313960046752,0.0403073829750979,0.07573694851995,0.0617834953116105,3112250.0,-0.3900127669263621,0,0,-1,0,0,-0.0701619121048573,-0.5338914424241976,0.818739917487959,1.2022867850561358,0.0395016611295682,0.137781818181818,1.784699510354502,0.0364025695931476,0.0
2025-12-01,12.5,12.5156,0.0358344530092161,-0.0012472218953157,0.0358344530092161,-0.0737661502396091,-0.0012472218953157,12.29459,13.018960000000002,12.345973333333337,0,1,12,12.51732199737924,12.240874040806682,32.18981151549406,0.1931449919960464,0.2904328549092946,15.030797372730706,11.007122627269297,0.0347045479369392,0.0757451880934316,0.0617890177140806,3111832.0,-0.5159065111665638,0,0,-1,0,0,-0.0012464444373421,-0.5534672535357493,0.8196309904564575,1.202417584230184,0.0382059800664451,0.1363636363636364,1.8020202721073115,0.0,0.0
2025-12-02,12.23,12.5,-0.0242926925690445,-0.01938671380019,-0.0275767677702344,-0.004796172263493,-0.0218366946091744,12.31458,12.93046,12.386973333333334,1,2,12,12.465081634219375,12.240172489786897,33.76204959018506,0.1558548931414431,0.2635172625557244,14.916142916755572,10.944777083244428,0.0356647087895134,0.0435158536376297,0.0616549458706025,3111416.0,-0.7055104257476194,0,0,-1,0,0,-0.024,-0.5733905648731494,0.8267999002118245,0.6907927608831224,0.0346869712351944,-0.1264285714285714,1.7955319183237377,0.008176614881439,0.0
