date,close,YesterdayClose,YesterdayOpenLogR,YesterdayHighLogR,YesterdayLowLogR,YesterdayVolumeLogR,YesterdayCloseLogR,MA10,MA20,MA30,DayOfWeek,DayOfMonth,MonthNumber,EMA10,EMA30,RSI,MACD,MACD_Signal,BollingerUpper,BollingerLower,Volatility_10,Volatility_20,Volatility_30,OBV,ZScore,insider_shares,insider_amount,insider_buy_flag,sentiment,num_articles,overnight_gap,abnormal_vol,volatility_5d,volatility_20d,momentum_5d,momentum_20d,skew_5d,intraday_range,sentiment_change
2023-11-27,12.98,13.0,0.0,0.0,-0.0312525435041044,4.775166093091409,-0.0015396461855927,13.038999999999998,13.105250000000002,13.248166666666666,0,27,11,13.02446890943352,13.0857717356086,53.05466237942124,-0.0497832460242566,-0.0164741982690501,14.075445178410384,12.13505482158962,0.0221394006424575,0.034258310637186,0.0305733675400591,86615.0,-0.2581954699160992,0,0,-1,0,0,0.0,0.927693369188752,0.060142469229954,0.5438338216991583,0.0101167315175096,-0.0891228070175438,1.0408728239991074,0.0308166409861325,0.0
2023-11-28,13.0,12.98,-0.0015396461855927,0.0,0.0293276150945199,-0.2643065865745589,0.0015396461855928,12.95,13.042750000000002,13.239833333333332,1,28,11,13.020020016809244,13.080238075246756,48.40989399293286,-0.0494118559184055,-0.0230617297989212,13.849768391494736,12.235731608505269,0.0221951463275419,0.0342697314441644,0.0305750637599692,95715.0,-0.1059455408960913,0,0,-1,0,0,0.0,0.4260949725413654,0.0324003778752165,0.5440151213893766,0.0038610038610038,-0.087719298245614,0.8155317013305223,0.0019230769230769,0.0
2023-11-29,13.1,13.0,0.0007701194065642,0.007662872745569,-0.0057971176843258,-0.3364722366212129,0.007662872745569,12.96,13.00275,13.2365,2,29,11,13.034561831934834,13.081513038134064,50.0,-0.0405805747138963,-0.0265654987819162,13.703121893692131,12.302378106307868,0.0093483633411365,0.0340099529467266,0.0306002466166445,102215.0,0.2777096022152707,0,0,-1,0,0,-0.0007692307692307,-0.0267717719494578,0.0572754193000375,0.539891265588283,0.0076923076923076,-0.0575539568345324,1.7437122587074123,0.015267175572519,0.0
2023-11-30,13.2,13.1,0.0007695267790285,0.0113853222251254,0.0077220460939103,0.1398957126917249,0.0076045993852192,12.979,13.02775,13.235833333333334,3,30,11,13.064641498855773,13.089157358254448,56.317689530685925,-0.0252218150839933,-0.0262967620423316,13.71824543616786,12.337254563832142,0.0095941297120583,0.027713169611744,0.0306296741597088,109691.0,0.4989171281303715,0,0,-1,0,0,-0.0076335877862595,0.4057060192439216,0.0688270862846744,0.4399329290041632,0.0153846153846153,0.0393700787401574,0.3292182423524585,0.0189393939393939,0.0
2023-12-01,13.46,13.2,0.0310513398320503,0.0172095530519298,0.0114724011622367,0.6344769077908062,0.0195054946242566,13.053999999999998,13.06175,13.243833333333331,4,1,12,13.136524862700178,13.113082689979969,39.19597989949749,0.0078395699831279,-0.0194694956372397,13.767674366009942,12.355825633990058,0.0064482233628366,0.0279757510321668,0.030831113235182,123791.0,1.1283078447936503,0,0,-1,0,0,0.0159090909090909,1.732018787399617,0.1291607253349439,0.4441012798282321,0.0353846153846153,0.05320813771518,0.9733779041253438,0.0245170876671619,0.0
2023-12-04,13.39,13.46,0.0029784087542608,-0.0022279994363129,-0.0223000398143002,-0.6758508202398252,-0.0052141645135005,13.108,13.113,13.2485,0,4,12,13.182611251300145,13.130948322884487,37.864077669902905,0.0280689791384709,-0.0099618006820976,13.751554288175717,12.474445711824284,0.0069977149831935,0.0267973985949094,0.0308511903060011,116618.0,0.8675848087759677,0,0,-1,0,0,-0.0007429420505201,0.2027023418767057,0.1459473832989243,0.4253955147936118,0.0315870570107859,0.0828952689041651,0.4334432037723933,0.0440627333831217,0.0
2023-12-05,13.39,13.39,-0.0044709463447668,-0.0044709463447668,0.0403864408936078,-inf,0.0,13.152,13.143,13.238166666666666,1,5,12,13.2203182965183,13.147661334311294,66.66666666666671,0.0435983569195705,0.000750230838236,13.773992534779609,12.512007465220393,0.0069812142044076,0.0258548322360658,0.0302093112937631,116618.0,0.7828935728574706,0,0,-1,0,0,0.0,-1.3186736238687848,0.1494621987159397,0.4104327377155583,0.03,0.0469116497263488,0.4969844392574421,0.0,0.0
2023-12-06,13.39,13.39,0.0,0.0,0.0,inf,0.0,13.191,13.158,13.2345,2,6,12,13.251169515333151,13.163296086936372,66.37931034482764,0.0552684009712063,0.01165386486483,13.79788814812082,12.518111851879182,0.0070573063892437,0.0253872121426823,0.0300886880407804,116618.0,0.7251267293551895,0,0,-1,0,0,0.0,0.3299388601152403,0.1537742129283092,0.4030094988646599,0.0221374045801527,0.0229182582123759,1.1591518563589018,0.0,0.0
2023-12-07,13.33,13.39,-0.0014947685892294,0.0044709463447668,-0.0184667015212366,0.1625398410315321,-0.0044910255124638,13.224,13.1695,13.228833333333334,3,7,12,13.265502330727124,13.174051178101768,83.695652173913,0.0589954337641263,0.0211221786446893,13.813254611634145,12.525745388365854,0.0074015749936292,0.025421592207588,0.0301006719551536,108179.0,0.4986372046099305,0,0,-1,0,0,-0.0014936519790889,0.759643945452755,0.1617007865845134,0.4035552654754523,0.0098484848484849,0.017557251908397,1.9226700794687652,0.0228807201800449,0.0
2023-12-08,13.39,13.33,0.0014947685892295,-0.0044709463447668,0.0139756760087728,-2.3560073694900394,0.0044910255124638,13.263,13.1965,13.200166666666666,4,8,12,13.28813827059492,13.187983360159718,82.14285714285714,0.0660294858524359,0.0301036400862386,13.82903125572885,12.56396874427115,0.0073671108974964,0.0249755093047385,0.02823811936686,108979.0,0.6118274733381683,0,0,-1,0,0,0.0045011252813203,-1.14540093447068,0.0625070292107597,0.3964739189251077,-0.0052005943536403,0.042023346303502,0.4019432321121901,0.0044809559372666,0.0
2023-12-11,13.39,13.39,0.0,0.0,0.0044910255124638,-inf,0.0,13.304000000000002,13.1715,13.1715,0,11,12,13.306658585032206,13.201016691762318,79.72972972972974,0.0707880225500865,0.0382405165790082,13.722948809477284,12.620051190522716,0.0072776853601987,0.0167880178391321,0.02823811936686,108979.0,0.7924579625336979,0,0,-1,0,0,0.0,-1.2344450505242133,0.0504118820677335,0.2665015212483581,0.0,-0.0359971202303815,0.009526847738626,0.0,0.0
2023-12-12,13.25,13.39,-0.0263332407320706,-0.0105106072708499,-0.03650595484453,inf,-0.0105106072708499,13.329000000000002,13.139500000000002,13.138166666666669,1,12,12,13.29635702411726,13.204176905197007,65.06024096385539,0.0625414285377043,0.0431006989707474,13.578133044091128,12.700866955908875,0.0084625506405194,0.0168949721553945,0.0282811218880372,107679.0,0.5038380098743399,0,0,-1,0,0,-0.0259895444361464,-0.9540428654310042,0.0897571188132581,0.2681993683832097,-0.0104555638536221,-0.0460763138948884,-0.6814617126269061,0.0256603773584905,0.0
2023-12-13,13.39,13.25,0.0158226334612206,0.01051060727085,0.02599534757368,0.90078654533819,0.01051060727085,13.358,13.159,13.121166666666666,2,13,12,13.313383019732305,13.216165491958492,70.10309278350513,0.066535790168599,0.0477877172103177,13.606114726829253,12.711885273170749,0.0087243851338539,0.0088306882819886,0.0280423312409566,110879.0,1.0332918427364457,0,0,-1,0,0,0.0,-0.4614367967561295,0.1283028681271411,0.1401828305980445,0.0,0.03,0.0136949424000116,0.0104555638536221,0.0
2023-12-14,13.39,13.39,0.01051060727085,0.0,0.01051060727085,-inf,0.0,13.377,13.178,13.144166666666669,3,14,12,13.327313379780977,13.227380621509557,70.10309278350513,0.0689070331538452,0.0520115803990232,13.630715781641856,12.725284218358144,0.0085304740879931,0.0088357864492617,0.0229331175430562,110879.0,0.9365699566785276,0,0,-1,0,0,0.0,-1.203612312478631,0.1221838937290198,0.140263761494526,0.0045011252813202,0.0292083013066872,-0.4859477819614228,0.0,0.0
2023-12-15,13.7,13.39,0.0,0.0301604324600778,0.0,inf,0.0228876731309979,13.401,13.2275,13.174833333333334,4,15,12,13.39507458345716,13.257872194315391,78.5714285714285,0.0947089240037808,0.0605510491199748,13.68125045309558,12.773749546904424,0.0093787435057726,0.0080924858043907,0.0232458889676952,119338.0,2.0826425484603157,0,0,-1,0,0,0.0,0.7585169896220645,0.2021635786918923,0.1284642295604307,0.0231516056758773,0.0778914240755308,0.5825662845550743,0.02992700729927,0.0
2023-12-18,13.34,13.7,0.0129847864078138,-0.0166597452411753,-0.039570288810839,0.4868255246133565,-0.0266287923466015,13.396,13.252,13.207333333333333,0,18,12,13.385061022828584,13.263170762424078,60.62499999999999,0.0851268279573904,0.0654662048874579,13.67155364753286,12.83244635246714,0.0128534436624569,0.0103274254190227,0.02294939349143,105574.0,0.4194934331639049,0,0,-1,0,0,-0.0098540145985401,1.7335285828551137,0.3017867437235144,0.1639427960538081,-0.0037341299477222,0.0381322957198444,-0.186918685619272,0.0525862068965516,0.0
2023-12-19,13.2,13.34,-0.0297412737354877,-0.0172418064345059,0.0030643339663091,0.0893215032596507,-0.0105502108951524,13.377,13.264500000000002,13.221,1,19,12,13.351413564132477,13.25909522936446,53.04878048780486,0.0654812902805037,0.0654692219660671,13.660398711129398,12.868601288870606,0.013248640850523,0.0105871098767541,0.02227196367671,90524.0,-0.325840919340205,0,0,-1,0,0,-0.0129310344827585,1.7832679102544815,0.3018674637034528,0.1680651590208428,-0.0037735849056603,0.0193050193050192,-0.1854022255895485,0.0325757575757575,0.0
2023-12-20,13.7,13.2,0.0024651572169177,0.0266287923466015,0.0222146247337738,0.3595081359595306,0.037179003241754,13.408,13.2995,13.241333333333332,2,20,12,13.41479291610839,13.28754069843772,62.254901960784295,0.0892293016130807,0.0702212378954698,13.719949634007545,12.879050365992455,0.0181758591534945,0.0134222600314401,0.0229133709104961,112085.0,1.9051033351253368,0,0,-1,0,0,0.0,2.405876275776595,0.4088839075023452,0.2130717724537965,0.0231516056758773,0.0538461538461538,0.2014329648478264,0.0364963503649635,0.0
2023-12-21,13.7,13.7,0.0335226920386436,0.0,0.0335226920386436,-0.8500535360326287,0.0,13.445,13.3345,13.261333333333337,3,21,12,13.466648749543229,13.314150975957867,56.741573033707816,0.1068184352598216,0.0775406773683402,13.7663613325207,12.902638667479302,0.0180410418308266,0.0134222600314401,0.0229149527833968,112085.0,1.6926729599366557,0,0,-1,0,0,-0.0036496350364962,0.3240821662912232,0.4088839075023452,0.2130717724537965,0.0231516056758773,0.0538461538461538,0.2014329648478264,0.0036496350364962,0.0
2023-12-22,13.65,13.7,0.0036563112031104,0.0,0.0,-1.3089515677363317,-0.0036563112031104,13.471,13.367,13.288,4,22,12,13.499985340535368,13.33581865492833,57.38636363636363,0.115393187430234,0.0851111793807189,13.790623467368729,12.943376532631277,0.0181438425595177,0.0134857118054942,0.0226023079476404,109596.0,1.3360921752414323,0,0,-1,0,0,0.0,-0.8300564659997636,0.3762852097231328,0.2140790381401537,-0.0036496350364962,0.05,1.2022678036604488,0.0036630036630035,0.0
2023-12-26,13.76,13.65,-0.0036563112031104,0.0386590731497506,0.0,1.0692583670040008,0.0080263108742288,13.508,13.406,13.283666666666669,1,26,12,13.5472607331653,13.363185193320051,59.89304812834223,0.129571204801012,0.0940031844647776,13.82317849265882,12.988821507341182,0.0182203940057512,0.0135041253026675,0.0171021714739098,116847.0,1.6971152934746907,0,0,-1,0,0,0.0,0.0169801556488483,0.2992086106616665,0.2143713433458792,0.0314842578710645,0.0600924499229582,1.572708317640122,0.0428779069767441,0.0
2023-12-27,13.65,13.76,0.0,-0.0419491510581614,-0.011049836186585,0.5974852632722966,-0.0080263108742288,13.547999999999998,13.4385,13.275666666666668,2,27,12,13.565940599862518,13.38168937439618,56.56565656565657,0.1304278143672768,0.1012881104452774,13.822455863691909,13.05454413630809,0.0180359536309855,0.0137251540744345,0.0171616161052243,103668.0,1.1016891262778603,0,0,-1,0,0,-0.0079941860465115,0.9797439353771428,0.2907420261164951,0.2178800663219919,0.0340909090909091,0.05,1.7016989010176369,0.0113553113553113,0.0
2023-12-28,13.67,13.65,-0.0480212291065548,0.0025598843746891,-0.0371635712620622,-0.5292557962382088,0.0014641291048894,13.576,13.467,13.298,3,28,12,13.584860490796604,13.400290059919008,58.76288659793815,0.1312080319548947,0.1072720947472009,13.829163092077868,13.104836907922133,0.0178473282315608,0.0136724443146115,0.012249741743811,111431.0,1.1210418976451342,0,0,-1,0,0,-0.0468864468864469,0.0578108602617321,0.0950536898633105,0.217043324825046,-0.0021897810218978,0.0435114503816793,0.2907156619658111,0.0499268471104608,0.0
2023-12-29,14.06,13.67,0.033260813523434,0.0266682470821614,0.0334529918655264,1.7588479792790137,0.0281302356466605,13.643,13.51,13.332999999999998,4,29,12,13.671249492469949,13.442851991537136,64.75770925110135,0.1614351764243409,0.1181047110826289,13.93708313008154,13.082916869918458,0.019643971460977,0.0148551579301859,0.013185936244553,156501.0,2.57561098184792,0,0,-1,0,0,-0.0160936356986101,3.471526618180527,0.2271165681121023,0.235818321419166,0.0262773722627738,0.0651515151515151,1.3484830284749196,0.0433854907539118,0.0
2024-01-02,13.96,14.06,0.0400782235674105,-0.0042765567672603,-0.0127199619995602,-0.5462815223739091,-0.0071377890482924,13.669,13.535,13.374666666666666,1,2,1,13.72374958474814,13.476216379179904,62.02531645569622,0.1753004870323202,0.1295438662725672,14.006034695336528,13.063965304663473,0.0188639900791782,0.0144996700596607,0.0124114741003115,130401.0,1.804537985026189,0,0,-1,0,0,-0.0042674253200569,1.4823964067791149,0.2368188051878548,0.2301751264221089,0.0227106227106228,0.037147102526003,1.2722337929271947,0.0515759312320917,0.0
2024-01-03,14.06,13.96,-0.0107720969819111,0.0042765567672601,0.0420260885850596,-0.2587310259359557,0.0071377890482923,13.741,13.5685,13.415,2,3,1,13.78488602388484,13.51387983858765,67.38197424892707,0.1921431037533025,0.1420637137687143,14.088834912390936,13.048165087609066,0.0160387442438422,0.0144433715980434,0.012347663964212,150551.0,1.889167873597262,0,0,-1,0,0,-0.0078796561604585,0.8618095582503001,0.2360766700079105,0.2292814160502987,0.0218023255813955,0.0500373412994772,1.341345742690759,0.0149359886201992,0.0
2024-01-04,14.05,14.06,-0.0108893997992683,0.0,-0.0108893997992683,-2.170295165457588,-0.000711490602764,13.826000000000002,13.6015,13.451666666666666,3,4,1,13.833088564996688,13.548468236098126,65.00000000000003,0.2023515002867952,0.1541212710723305,14.156715463155134,13.046284536844867,0.015241056659547,0.0144508347069664,0.0123334303918415,148251.0,1.6155890091796086,0,0,-1,0,0,-0.0256045519203414,-0.7576494210279145,0.2168466407776502,0.2293998892316049,0.0293040293040294,0.0492905153099327,1.4851480312271528,0.0256227758007118,0.0
2024-01-05,14.4,14.05,0.0216614967811794,0.0342571072349826,0.0216614967811794,2.395758604395566,0.0246058108022001,13.896,13.652,13.498333333333331,4,5,1,13.936163371360928,13.603405769253088,69.80392156862749,0.2359637596758688,0.1704897687930381,14.30187772129212,13.002122278707883,0.0125811663415311,0.0152735372571676,0.0129781523151942,173497.0,2.301971510926057,0,0,-1,0,0,-0.00355871886121,1.1927212160888596,0.2484437312991551,0.2424598873364704,0.0534016093635698,0.0754294249439879,0.1933976990148298,0.0381944444444444,0.0
2024-01-08,14.5,14.4,0.0281708769666964,0.0006870491510383,0.0281708769666964,-0.3604279742919555,0.0069204428445737,13.976,13.7105,13.548333333333334,0,8,1,14.038679122022575,13.661250558333531,67.09401709401713,0.2675863132180094,0.1899090776780324,14.443639607585611,12.977360392414386,0.0124615537106284,0.0151626452778647,0.0129755815092737,191103.0,2.153750777699746,0,0,-1,0,0,0.0,0.4844327374490765,0.1905869768246987,0.2406995317387074,0.0312944523470839,0.0877719429857464,0.9137957451201092,0.0110344827586207,0.0
2024-01-09,14.44,14.5,0.0,-0.0075836282100988,-0.0267433249755109,0.1081567842085342,-0.0041465159618485,14.055,13.763,13.596333333333332,1,9,1,14.111646554382103,13.711492457795886,76.96078431372551,0.2845260766687687,0.2088324774761797,14.548047098821902,12.977952901178098,0.0125034098500379,0.0152799267342646,0.0130384099896866,171486.0,1.7247372826826692,0,0,-1,0,0,-0.0068965517241379,0.5874371399569427,0.1782286677938699,0.2425613171409094,0.0343839541547277,0.0784167289021657,1.223860615249298,0.0297783933518005,0.0
2024-01-10,15.25,14.44,0.0034662079764861,0.1012691122874217,0.0302095329519971,1.3258967169065194,0.0545773695887405,14.204000000000002,13.856,13.672,2,10,1,14.318619908130811,13.81075100890583,87.82287822878234,0.3591708933134523,0.2389001606436342,14.864018379114114,12.847981620885886,0.0203009770307231,0.0191787492349732,0.0161349372854161,245355.0,2.765822585943523,0,0,-1,0,0,0.0006925207756232,3.301888767481364,0.3930209004147095,0.3044532055980575,0.0846372688477952,0.1389096340552651,1.2910601706084446,0.1009836065573771,0.0
2024-01-11,15.74,15.25,0.0584647497540041,-0.0157582838566057,0.0584647497540041,-1.550162373816383,0.0316257399358365,14.413,13.9805,13.763333333333334,3,11,1,14.577052652107028,13.935218685750616,87.77777777777783,0.4526485030115541,0.2816498291172182,15.25359775537353,12.707402244626472,0.0202012484210422,0.0195350043295118,0.0168271764364466,261031.0,2.7641239528912034,0,0,-1,0,0,0.0045901639344262,-0.1004296312369858,0.370281632626704,0.3101085798987505,0.1202846975088967,0.1879245283018868,0.382739832522859,0.0266836086404066,0.0
2024-01-12,15.4,15.74,0.0270460786768119,0.0,-0.0078637364602145,0.0732874555469284,-0.0218377335696736,14.586000000000002,14.081,13.84,4,12,1,14.726679442633024,14.029720706024772,77.96052631578951,0.4936050518860035,0.3240408736709753,15.469901875962774,12.692098124037225,0.0229837287903556,0.0206751056650592,0.0175900330163667,244163.0,1.8993422398334383,0,0,-1,0,0,0.0,-0.0718189061368636,0.4858475882914549,0.3282071275183766,0.0694444444444444,0.1501120238984317,0.4416530491656308,0.0350649350649351,0.0
2024-01-16,15.17,15.4,-0.0326098305515848,-0.0326098305515848,-0.0165841280155352,-0.0713118630234181,-0.0150477160591425,14.697,14.169999999999998,13.905666666666669,1,16,1,14.807283180336109,14.10328711208769,73.6024844720497,0.5017208089598775,0.3595768607287558,15.59997975694184,12.740020243058156,0.0236568973111201,0.021212248316591,0.0179763758663992,228456.0,1.3986211974617102,0,0,-1,0,0,-0.0107142857142857,-0.1952207558493191,0.5284998329620729,0.3367340027654903,0.0462068965517241,0.1329350261389095,0.7384925828967143,0.0187870797626895,0.0
2024-01-17,15.09,15.17,-0.0148787667923017,-0.0036166404701884,0.0040053458086752,-0.9124463451793812,-0.0052875205806833,14.81,14.239499999999998,13.96,2,17,1,14.858686238456816,14.166946008082032,70.84639498432603,0.4959799256535397,0.3868574737137126,15.707896547616794,12.7711034523832,0.0235342909292447,0.0209868465771713,0.017840475384234,222149.0,1.158406428264029,0,0,-1,0,0,-0.010547132498352,-0.769117310585438,0.5304054989791986,0.3331558610799754,0.0450138504155124,0.1014598540145985,0.756855296737074,0.0112657388999337,0.0
2024-01-18,15.537,15.09,0.0092838863100076,0.0519847548783791,0.0092838863100076,2.303108184317109,0.0291920033301067,14.9577,14.34935,14.031566666666668,3,18,1,14.982016013282848,14.255336588205772,76.7507796994613,0.5214880093804446,0.413783580847059,15.8624479409634,12.836252059036603,0.024491537097481,0.020306494520663,0.0183488981483948,285252.0,1.5698256773038983,0,0,-1,0,0,0.0039761431411531,2.216884581231624,0.4006394576131204,0.3223556070070214,0.0188196721311475,0.1646926536731634,0.3836945165544322,0.0540644912145201,0.0
2024-01-19,15.9,15.537,0.0254168129841232,0.0006251953939183,0.0228394919698227,0.1786886193169312,0.0230948331163217,15.1427,14.48435,14.115233333333332,4,19,1,15.148922192685966,14.361443905095722,78.81136950904393,0.5644873569228288,0.443924336062213,16.046667479023863,12.92203252097614,0.024471651567129,0.020107499221502,0.01861751218295,360701.0,1.8122436943923848,0,0,-1,0,0,0.0001930874686231,2.289766473304576,0.3650985644964205,0.3191966545651164,0.0101651842439645,0.2045454545454545,0.3748641846876768,0.0314465408805031,0.0
2024-01-22,16.4,15.9,0.0229017642866846,0.0277367549715996,0.0096308930609613,-1.0178897806686495,0.0309622256039668,15.342700000000002,14.61935,14.215566666666668,0,22,1,15.37639088492488,14.492963653154064,79.3969849246231,0.6316294399611877,0.481465356842008,16.353464702088743,12.88523529791126,0.0249168665112604,0.0196771654348131,0.0191509921500089,387965.0,2.053670380460076,0,0,-1,0,0,0.0,0.1230417723818422,0.3402989712128139,0.3123653174831496,0.0649350649350648,0.1970802919708028,-0.637106673496855,0.0487804878048779,0.0
2024-01-23,16.4,16.4,0.0309622256039668,0.0030349036951541,0.0413136308358123,-0.0879320952148374,0.0,15.5327,14.75435,14.3179,1,23,1,15.562501633120355,14.615998256176384,81.44329896907215,0.6770355797780088,0.5205794014292081,16.603673662998624,12.905026337001376,0.025210746522662,0.0196771654348131,0.0190760366543973,387965.0,1.779731728876088,0,0,-1,0,0,0.0,-0.0149528756284787,0.2734389437952913,0.3123653174831496,0.0810810810810809,0.1970802919708028,-0.5309182958466167,0.011579268292683,0.0
2024-01-24,16.39,16.4,0.0060790460763821,0.0,0.0048868449337638,-1.3660355858479958,-0.0006099420744143,15.727700000000002,14.89135,14.4179,2,24,1,15.712955881643929,14.73044998158436,80.7387862796834,0.7040969647652275,0.557282914096412,16.801179011359896,12.981520988640105,0.0249729388641153,0.0195840783382886,0.0191228681614648,381595.0,1.5694075135374403,0,0,-1,0,0,0.0060975609756098,-0.8738224946571995,0.2519181894914867,0.3108876056371124,0.0861497680583167,0.2007326007326006,-0.4564900744213066,0.0067114093959731,0.0
2024-01-25,16.55,16.39,0.0,0.0048367688006138,0.0066889881507964,1.2119783508649862,0.0097147090673336,15.8577,15.03085,14.523233333333334,3,25,1,15.86514572134503,14.847840305353111,81.72588832487313,0.7300385402991996,0.5918340393369694,16.999409962590967,13.062290037409037,0.0198711027076565,0.019581789240025,0.0190837937561167,402999.0,1.543412472943457,0,0,-1,0,0,0.0067114093959731,-0.2232249271044008,0.226201042940219,0.3108512673287204,0.0651992019051297,0.2027616279069768,0.4527558237052753,0.0048338368580059,0.0
2024-01-26,16.55,16.55,0.0,-0.0018110478840768,0.0,-0.8298070434553723,0.0,15.9387,15.17585,14.633233333333331,4,26,1,15.98966468110048,14.95765705984646,79.94428969359333,0.7420436089904978,0.6218759532676752,17.143370724160324,13.208329275839676,0.0181270062467818,0.0192862698238564,0.0188430374006061,402999.0,1.3968340796882284,0,0,-1,0,0,-0.0030211480362538,-0.770921685349623,0.2180797573761537,0.3061600420320825,0.0408805031446541,0.2124542124542123,1.7616267720484953,0.0030211480362538,0.0
2024-01-29,16.62,16.55,0.0090498355199178,0.0060241146033808,0.0060423144559626,-1.6067633989382857,0.0042206876042302,16.0607,15.32335,14.740900000000002,0,29,1,16.104271102718574,15.064904991469271,79.77528089887643,0.748576997748744,0.647216162163889,17.257571701220947,13.389128298779054,0.0155434246486789,0.0192328272574499,0.0188442698466134,404871.0,1.3407459953339476,0,0,-1,0,0,0.0060422960725074,-1.0872999924545332,0.0699847735643599,0.3053116675912618,0.0134146341463416,0.2158010241404535,1.389120042452468,0.0030084235860407,0.0
2024-01-30,16.65,16.62,-0.0004505519337312,0.0029985029962566,0.0006022282627059,-0.271433039560701,0.0018034269991505,16.2087,15.452850000000002,14.849566666666666,1,30,1,16.203494538587922,15.16716918556803,81.3031161473088,0.7475581200208907,0.6672845537352894,17.377718091174415,13.527981908825588,0.0136085583533816,0.0188005343242678,0.0188227017084271,406298.0,1.2438774433312818,0,0,-1,0,0,0.0013537906137182,-1.0015237541298738,0.0667336154055912,0.2984492300228791,0.0152439024390242,0.1842105263157893,1.2753079596674652,0.0054054054054053,0.0
2024-01-31,16.8,16.65,0.0034490549299879,0.0467921615067591,0.0054037957975058,2.3666417180804102,0.0089686699827605,16.379700000000003,15.59485,14.9529,2,31,1,16.31195007702648,15.272513109079773,77.00348432055753,0.750206485105668,0.6838689400093652,17.474504982339038,13.715195017660962,0.0126059428226125,0.0184309156800921,0.0185918012828512,421512.0,1.2823097976207485,0,0,-1,0,0,0.003003003003003,-0.3511326947025601,0.0685288497871561,0.2925817159483477,0.0250152532031726,0.2034383954154728,0.1193428312942351,0.0476190476190476,0.0
2024-02-01,17.0,16.8,0.0178046246335066,0.0281708769666962,0.0178046246335066,0.3219253561865691,0.0118344576470027,16.526,15.74185,15.0749,3,1,2,16.437050063021665,15.383963876235915,74.41860465116281,0.7596864693161844,0.6990324458707291,17.575382142011662,13.908317857988338,0.0107907703232051,0.018430303991681,0.0175116197602373,442504.0,1.3723784505022312,0,0,-1,0,0,0.0119047619047618,-0.0920646554328393,0.0788907927261898,0.2925720056958545,0.0271903323262838,0.2091038406827881,0.4065775367830598,0.0588235294117647,0.0
2024-02-02,16.9,17.0,0.0,-0.0425596144187958,-0.0117154171135607,0.9152040135608648,-0.0058997221271883,16.625999999999998,15.884349999999998,15.198233333333333,4,2,2,16.521222778835906,15.481772658414243,82.05128205128204,0.7504792037339243,0.7093217974433681,17.603687115224897,14.165012884775098,0.0104505909769267,0.0186193188001914,0.0173608798463075,390081.0,1.1814436982792027,0,0,-1,0,0,0.0,1.1950967188236656,0.109372805596451,0.2955725227604168,0.0211480362537763,0.2028469750889678,-0.6084240599654346,0.0265088757396449,0.0
2024-02-05,16.0,16.9,-0.0058997221271883,-0.020498521548341,-0.0576977107359534,-0.3692371343086275,-0.0547248996892464,16.586,15.96435,15.2749,0,5,2,16.42645500086574,15.515206680452035,63.78737541528241,0.6629181927650976,0.7000410765077141,17.535380540089896,14.393319459910105,0.0187298751924457,0.022910034768122,0.0198255640499973,353843.0,0.0453842227636904,0,0,-1,0,0,0.0,0.4487432422752845,0.4223579363372737,0.3636855271457657,-0.0373044524669073,0.1111111111111111,-1.880640011477288,0.0649999999999999,0.0
2024-02-06,16.0,16.0,-0.0547248996892464,-0.0185135177266746,-0.015248071795162,-1.385246287548485,0.0,16.546,16.03935,15.351566666666663,1,6,2,16.34891772798106,15.54648366880997,65.52901023890787,0.5867616378149929,0.6773851887691699,17.45118721664936,14.62751278335064,0.0187298751924457,0.0229400890338995,0.0198255640499973,353843.0,-0.0557429702744148,0,0,-1,0,0,0.0,-0.72532963831826,0.4200992116529037,0.3641626238242694,-0.0390390390390389,0.1034482758620689,-1.851115590888942,0.060625,0.0
2024-02-07,16.4,16.0,0.0,-0.0115187693722005,0.0240365778282413,-0.6897347715025716,0.0246926125903714,16.547,16.13735,15.443233333333334,2,7,2,16.358205413802686,15.601549238564166,64.96704821366632,0.5523169108561898,0.6523715331865739,17.338066325672834,14.936633674327169,0.0206405906953071,0.0232402189665492,0.020064394678342,358393.0,0.4374888462565359,0,0,-1,0,0,0.0,-0.8726817548781182,0.4721504015414286,0.3689270388010544,-0.0238095238095239,0.1357340720221607,-1.366376705747889,0.0243902439024389,0.0
2024-02-08,16.37,16.4,0.0240826705159571,0.0,0.0222506089348197,0.1714568886478951,-0.001830943447109,16.529,16.193350000000002,15.530233333333337,3,8,2,16.36034988402038,15.6511267070439,59.21568627450984,0.5166429292120451,0.6252258123916682,17.3221299235413,15.064570076458702,0.0203712354108364,0.0201577637288748,0.0201161827527005,352992.0,0.3129928098752819,0,0,-1,0,0,-0.0006097560975608,-0.7795250498775962,0.4518153761294311,0.3199945788828052,-0.0370588235294117,0.0734426229508198,-1.153559523346018,0.0024434941967012,0.0
2024-02-09,16.12,16.37,-0.0116601505174,-0.0122700925918143,-0.0160200591841835,-1.6022429731770031,-0.0153896543045612,16.486,16.21235,15.612566666666668,4,9,2,16.31664990510758,15.681376596912036,43.913043478260896,0.4628625398417103,0.5927531578816766,17.321623688406024,15.103076311593975,0.0208626409679756,0.0194176177755428,0.0203334882351256,351904.0,-0.1665053466339808,0,0,-1,0,0,-0.0103848503359805,-0.9320655812892108,0.4550051391021384,0.3082451261243614,-0.0461538461538459,0.0241423125794155,-0.8106655104773755,0.0062034739454092,0.0
2024-02-12,15.6,16.12,-0.0435262650498908,0.0012338064489283,-0.0373342948019699,2.5484825064259886,-0.0327898228229909,16.384,16.22235,15.6769,0,12,2,16.186349922360748,15.676126493885452,35.81560283687942,0.3739706388838488,0.5489966540821111,17.30405222091723,15.140647779082766,0.0226802729116623,0.0202112858067032,0.0214789453194418,337991.0,-1.150686368143491,0,0,-1,0,0,-0.0378411910669975,-0.3165937237575831,0.3352006892015659,0.3208442155283175,-0.025,0.0129870129870128,0.2272353879909492,0.0455128205128204,0.0
2024-02-13,15.97,15.6,0.0286006148332153,-0.0155330864603456,0.0051447058812376,-1.5830515316111038,0.0234410479714298,16.316,16.26235,15.740566666666668,1,13,2,16.14701357284061,15.6950860749251,43.39622641509434,0.3295798829894121,0.5051132998635713,17.233742765704786,15.290957234295217,0.0245111743008626,0.0204696954996971,0.0213116759047179,340848.0,-0.6019192448646427,0,0,-1,0,0,0.0230769230769231,-0.7961171757514031,0.3940442392641451,0.3249463422325003,-0.0018749999999999,0.05273566249176,-0.1966831496587482,0.023794614902943,0.0
2024-02-14,15.64,15.97,-0.0202538569044976,-0.020880227109756,-0.0057896591444842,0.5931005652717017,-0.020880227109756,16.2,16.28985,15.796566666666669,2,14,2,16.05482928686959,15.691532134607352,36.41791044776119,0.2647201183087073,0.4570346635525986,17.145777757650276,15.433922242349729,0.0245726090404812,0.0210686650284073,0.021705701152732,335678.0,-1.518469273117147,0,0,-1,0,0,-0.0206637445209768,-0.6845604555585182,0.3402721623382933,0.3344546887277361,-0.046341463414634,0.0364479787939033,0.9483733556032996,0.0089514066496164,0.0
2024-02-15,15.9,15.64,-0.0151396030685338,0.0164873741090208,-0.0188869176539994,1.756289289779747,0.0164873741090208,16.09,16.308,15.8579,3,15,2,16.026678507438756,15.704981674310105,40.9972299168975,0.2316280506151766,0.4119533409651142,17.110433141993063,15.505566858006937,0.02501425215581,0.020360472934881,0.0218213245211738,365617.0,-1.0169071506359255,0,0,-1,0,0,-0.0150255754475704,0.6098647301577353,0.3875915577142678,0.3232124877681399,-0.02871105681124,0.0233635837034176,0.3634644519740697,0.0433962264150943,0.0
2024-02-16,16.2,15.9,0.0378965901911499,0.0186921330121525,0.0032819195851093,-0.1372649788816892,0.0186921330121525,16.020000000000003,16.323,15.929566666666666,4,16,2,16.058191506086253,15.736918340483648,44.53124999999997,0.2269932049793332,0.374961313767958,17.104256747339566,15.541743252660437,0.0262624688194203,0.0201281936844062,0.0219574707302948,391716.0,-0.3148772805325682,0,0,-1,0,0,0.0062893081761006,0.7444303172634943,0.4089468120958673,0.3195251689792785,0.0049627791563273,0.0188679245283018,-0.6766165996905568,0.0580246913580246,0.0
2024-02-20,16.4,16.2,0.0124225199985571,0.0122700925918144,0.0473536963834702,-2.331703362375249,0.0122700925918144,16.060000000000002,16.323,15.996233333333333,1,20,2,16.12033850497966,15.779697802387927,46.88279301745636,0.2367295144671573,0.3473149539077979,17.104256747339566,15.541743252660437,0.0200168380323059,0.0190376237922126,0.0216825009145432,394251.0,0.1971182975691623,0,0,-1,0,0,0.0,-0.8647374554546136,0.2813315379246682,0.3022129086468065,0.0512820512820513,0.0,-1.9404471693900165,0.0243902439024389,0.0
2024-02-21,16.0,16.4,0.0122700925918144,0.0,-0.0056408798900857,-0.568332166417114,-0.0246926125903714,16.060000000000002,16.303,16.046233333333333,2,21,2,16.09845877680154,15.79391084739516,40.610328638497634,0.20975107301782,0.3198021777298023,17.096343358332927,15.509656641667076,0.0217840092586576,0.0198147464948853,0.0223099100218531,392815.0,-0.7638558937121581,0,0,-1,0,0,0.0,-0.8550235336960348,0.3372256728990403,0.3145493491035318,0.0018785222291797,-0.0243902439024389,-0.5717871704758335,0.0306249999999999,0.0
2024-02-22,16.0,16.0,-0.0253178079842897,-0.0246926125903714,0.0050156844961673,-0.3618614706260324,0.0,16.02,16.2835,16.098233333333333,3,22,2,16.08055718101944,15.807206921756762,37.6847290640394,0.1862237918479099,0.2930865005534238,17.08694717836426,15.48005282163574,0.0199836035581396,0.0198159199738129,0.0222736480190567,392815.0,-0.7057091184940839,0,0,-1,0,0,-0.0006249999999999,-0.8552556037980534,0.2828270882642206,0.3145679775039996,0.0230179028132992,-0.0237949969493593,-1.4510421461193488,0.0006249999999999,0.0
2024-02-23,16.28,16.0,-0.0094251404595831,0.017348638334613,-0.0094251404595831,0.262364264467491,0.017348638334613,16.011000000000003,16.27,16.132566666666666,4,23,2,16.116819511743177,15.837709700998262,42.68867924528304,0.1880047106823354,0.2720701425792062,17.06360602714207,15.476393972857927,0.0209443851529896,0.0201107422861024,0.0201548279185434,394115.0,0.02520142150637,0,0,-1,0,0,-0.01,-0.7580184927819521,0.2852140626657436,0.3192481366196265,0.0238993710691823,-0.0163141993957703,-1.4347586740686729,0.0270270270270271,0.0
2024-02-26,16.2,16.28,0.0100503358535015,-0.004926118336056,0.0100503358535015,1.2766511836700636,-0.004926118336056,16.019,16.2525,16.1479,0,26,2,16.13194323688078,15.861083268675795,52.92397660818713,0.1808757472542375,0.2538312635142125,17.03547341488807,15.46952658511193,0.0203729244199696,0.0201326811414157,0.0193894073182591,389455.0,-0.1341041700822169,0,0,-1,0,0,-0.0171990171990172,-0.5025906488682358,0.260559459586804,0.3195964051508767,0.0,-0.0211480362537764,-0.729029424921363,0.0123456790123456,0.0
2024-02-27,16.19,16.2,0.0,-0.0006174745487944,0.0,-0.057410907213339,-0.0006174745487944,16.078,16.231,16.174233333333333,1,27,2,16.142499011993365,15.882303702954776,52.76967930029157,0.1724313941723441,0.2375512896458388,16.994865515857487,15.467134484142518,0.0168390105698518,0.0200971670626779,0.0189132505308351,385055.0,-0.1073487391402279,0,0,-1,0,0,-0.0123456790123456,-0.5326095337462037,0.2374292019244187,0.3190326366285863,-0.0128048780487802,-0.0258724428399518,-0.3142391350256957,0.0117356392835084,0.0
2024-02-28,16.39,16.19,-0.0031298930089277,0.0122776250661945,-0.0031298930089277,1.6711314814394402,0.0122776250661945,16.119999999999997,16.218,16.2149,2,28,2,16.187499191630934,15.915058302764146,49.845201238390125,0.179804833846962,0.2260019984860634,16.960388747646412,15.475611252353588,0.0156934462980593,0.0203150693110618,0.0187338394203775,408455.0,0.463369092124013,0,0,-1,0,0,-0.0148239654107474,0.724812235550931,0.1516556731706314,0.3224917275846596,0.024375,-0.0156156156156155,0.5842375822445363,0.0268456375838926,0.0
2024-02-29,16.39,16.39,0.0031298930089277,0.0,0.0031298930089277,-0.5021030921313963,0.0,16.195,16.197499999999998,16.258233333333333,3,29,2,16.22431752042531,15.945699702585816,50.31249999999999,0.1835326873373652,0.2175081362563238,16.893409098722408,15.501590901277588,0.013477751230401,0.0201905724722965,0.0186805935178513,408455.0,0.5532331747160797,0,0,-1,0,0,-0.0237949969493594,0.0795267168063054,0.1516556731706314,0.32051540153834,0.024375,-0.0244047619047619,0.5842375822445363,0.0237949969493594,0.0
2024-03-01,16.4,16.39,0.0210273671920755,0.0066889881507964,0.0087119406020215,-0.8657302484674175,0.0006099420744144,16.245,16.1675,16.287,4,1,3,16.25625978943889,15.975009399193183,54.7297297297297,0.1851595504727257,0.2110384190996042,16.76210291924895,15.572897080751051,0.0128504735607337,0.0199662074516318,0.0179892158301096,414414.0,0.7820345056283003,0,0,-1,0,0,-0.0030506406345332,-0.4457568811375035,0.1024051940659637,0.3169537172528553,0.0073710073710071,-0.0352941176470589,1.5642107595549932,0.021951219512195,0.0
2024-03-04,16.0,16.4,-0.0210273671920756,-0.0307716586667536,-0.0181311625185131,0.5233662276975015,-0.0246926125903714,16.225,16.122500000000002,16.290333333333333,0,4,3,16.209667100449998,15.976621696019432,57.04225352112678,0.1524152460862105,0.1993137844969255,16.6103254649062,15.634674535093804,0.0141919677112339,0.020594012651094,0.0181422608459922,404357.0,-0.5022288044087955,0,0,-1,0,0,-0.0243902439024389,-0.0099017962653818,0.2128648654129853,0.3269198158302777,-0.0123456790123456,-0.0532544378698224,-1.2713617302565932,0.009375,0.0
2024-03-05,15.5,16.0,-0.0017515330388063,0.0307716586667536,-0.0346632906536972,1.2281001854292677,-0.0317486983145803,16.135,16.097500000000004,16.26033333333333,1,5,3,16.080636718549997,15.94587190917947,42.087542087542055,0.0851379107852494,0.1764786097545903,16.65764565774909,15.537354342250918,0.0161469041274474,0.0181887010041419,0.018049863883,370015.0,-2.133373674272595,0,0,-1,0,0,-0.00175,2.349161923158035,0.292728770473223,0.2887366771696225,-0.0426189005558987,-0.03125,-0.3458075791719697,0.076774193548387,0.0
2024-03-06,16.25,15.5,-0.0171764768467125,-0.0152674721307884,0.0187647045858989,-0.6195177041910674,0.0472528848505455,16.160000000000004,16.110000000000003,16.255333333333333,2,6,3,16.111430042449996,15.965493076329183,58.99705014749263,0.0912865750276878,0.1594402028092098,16.672138772902585,15.54786122709742,0.0220233659048699,0.0213346944850069,0.0202381124134455,388498.0,0.4980976468750319,0,0,-1,0,0,0.0129032258064515,0.7567945668741339,0.495954784952697,0.3386777754292172,-0.0085417937766931,0.015625,1.1454978102076312,0.04,0.0
2024-03-07,16.24,16.25,-0.0038289772370972,-0.0006155740422146,0.0025608208616736,-4.120824195026479,-0.0006155740422146,16.184,16.101999999999997,16.250333333333334,3,7,3,16.134806398368177,15.98320320043698,55.414012738853486,0.0942658809153194,0.1464053384304317,16.651165874663707,15.552834125336288,0.0220297135627981,0.0205727966055958,0.0202381172595664,388198.0,0.5025803909775283,0,0,-1,0,0,-0.0375384615384615,-0.9397381348606918,0.4958701616485324,0.3265830215491225,-0.0091519219035999,-0.0097560975609756,1.165757971831524,0.0369458128078816,0.0
2024-03-08,16.24,16.24,0.0227569871226162,0.0,0.0227569871226162,1.044977072835478,0.0,16.18,16.095499999999998,16.24,4,8,3,16.15393250775578,15.999770735892657,50.704225352112665,0.0955258398766822,0.1362294387196818,16.63428909065695,15.556710909343046,0.0213193239392159,0.0205696577505114,0.0201522569540718,388198.0,0.5363879948787014,0,0,-1,0,0,-0.0147783251231526,-0.8539535097977795,0.495729235589736,0.3265331937693942,-0.0097560975609756,-0.0079413561392793,1.1862123699856355,0.0147783251231526,0.0
2024-03-11,15.94,16.24,0.0148886124937505,0.0,-0.0304592074847085,2.3023505989139466,-0.0186456613714628,16.154,16.086499999999997,16.219666666666665,0,11,3,16.115035688163818,15.995914559383454,42.17687074829932,0.07149274971961,0.1232821009196675,16.629562466117555,15.54343753388244,0.0220810507410859,0.0207051269110393,0.0204190374389657,379670.0,-0.5395327762102609,0,0,-1,0,0,0.0,-0.1827334859400256,0.4801047467119619,0.3286837000238464,-0.00375,-0.011166253101737,1.216272073819449,0.0451693851944792,0.0
2024-03-12,15.94,15.94,-0.0306369694618896,-0.0024660924951934,0.0121679375124572,0.0,0.0,16.128999999999998,16.1035,16.197,1,12,3,16.083211017588578,15.99230716845549,48.81889763779527,0.0518486733889176,0.1089954154135175,16.601887927538588,15.605112072461411,0.0220843430877683,0.019298004806775,0.0203959260325191,379670.0,-0.6561154111717187,0,0,-1,0,0,-0.0119196988707653,-0.1577453456470368,0.3977549600990521,0.3063463291107358,0.0283870967741934,0.0217948717948717,1.6378107946555158,0.0307402760351316,0.0
2024-03-13,16.2,15.94,0.0281708769666962,0.0,0.0307137899708085,-1.1066179824734663,0.0161795688762694,16.109999999999996,16.115,16.182000000000002,2,13,3,16.104445378027016,16.005706705974493,53.57142857142856,0.0566078879630005,0.0985179099234141,16.611026315091827,15.61897368490817,0.0223903181273195,0.0189114309353298,0.0206398607808923,382490.0,0.3427237524052121,0,0,-1,0,0,0.0163111668757841,-0.6958602081196671,0.1954142650218729,0.3002096591475385,-0.003076923076923,0.0144020037570444,-0.2129983739966781,0.0,0.0
2024-03-14,15.75,16.2,-0.012422519998557,-0.012422519998557,-0.0281708769666963,-1.2586312168638,-0.0281708769666963,16.046,16.1205,16.147,3,14,3,16.040000763840286,15.989209499137427,41.07744107744104,0.0237940772963938,0.08357314339801,16.596380347633286,15.644619652366712,0.0239305649012696,0.0193986812511839,0.0211297353160502,381689.0,-1.55711410165442,0,0,-1,0,0,-0.0123456790123456,-0.8533570874838232,0.2749124285916111,0.3079445181194635,-0.0301724137931033,0.0070332480818413,-0.0621204232574813,0.0158730158730158,0.0
2024-03-15,15.75,15.75,0.0,0.0,-0.0166457108428647,0.9831673415213236,0.0,15.981,16.113,16.10533333333333,4,15,3,15.98727335223296,15.973776628225338,42.21453287197231,-0.0021859063004789,0.0664213334583122,16.607862022237565,15.618137977762435,0.023919073855438,0.019025281345273,0.0209721111097087,381689.0,-1.467075603654778,0,0,-1,0,0,0.0158730158730158,-0.6584385294900136,0.2749124285916111,0.3020169783757733,-0.0301724137931033,-0.0094339622641509,-0.0621204232574813,0.0323809523809523,0.0
2024-03-18,15.47,15.75,-0.0282708819670296,-0.0075282664207915,-0.0051780050967529,0.4386917733208514,-0.0179377006866673,15.928,16.0765,16.057666666666666,0,18,3,15.893223651826965,15.941274910275316,38.60759493670884,-0.0448518660267982,0.0441666935612901,16.646348548670144,15.506651451329857,0.023371142343363,0.0188456203600283,0.0211532791885044,378369.0,-2.1286357626614563,0,0,-1,0,0,-0.0124444444444444,-0.4621845131505037,0.2729609547447362,0.2991649486522237,-0.0294855708908405,-0.0450617283950616,-0.0787045027253124,0.0303813833225598,0.0
2024-03-19,15.75,15.47,-0.0034778163475506,-0.005683627551439,0.0058233745931766,0.4582632936751351,0.0179377006866672,15.953,16.044,16.049333333333333,1,19,3,15.867182987858424,15.92893459348336,40.12345679012344,-0.0554322975385641,0.0242468953413193,16.610295440840034,15.47770455915997,0.0219374959737885,0.019120230700019,0.019196959766806,383619.0,-1.0383272715877307,0,0,-1,0,0,0.0019392372333548,-0.2631673201500627,0.3230433691752636,0.3035242526545972,-0.0119196988707653,-0.0396341463414633,-0.279414275235351,0.0184126984126983,0.0
2024-03-20,15.75,15.75,0.0153652190640561,-0.0025364629959086,0.0153652190640561,-2.862200880929469,0.0,15.903,16.0315,16.041,2,20,3,15.845876990065982,15.917390426161854,40.12345679012344,-0.0630901023123016,0.0067794958105951,16.612724659889423,15.45027534011058,0.0146497055222462,0.0183698283283813,0.019196959766806,383619.0,-0.9686443794506484,0,0,-1,0,0,-0.0006349206349206,-0.8100753450726579,0.2822451635193738,0.2916119843030778,-0.0277777777777777,-0.015625,0.0397075095491271,0.0006349206349206,0.0
2024-03-21,15.8,15.75,0.0006351222823848,0.0126184639592114,-0.005351012895482,3.054472768576592,0.003169574761279,15.859,16.0215,16.021,3,21,3,15.837535719144894,15.909816850280444,40.853658536585385,-0.0643822273935814,-0.0074528488302401,16.611817488172694,15.431182511827304,0.0147674736187047,0.0183892429988948,0.0186077710893214,389982.0,-0.7504436322415031,0,0,-1,0,0,0.0,-0.1631405691102592,0.2025596197591433,0.2919201826428689,0.0031746031746031,-0.0124999999999999,-0.205635404420752,0.0186075949367087,0.0
2024-03-22,15.8,15.8,0.003169574761279,-0.0094488891979323,0.0091557099391459,-inf,0.0,15.815,15.9975,16.002,4,22,3,15.83071104293673,15.902731892197837,46.52777777777779,-0.064660875506906,-0.0188944541655733,16.58257309484901,15.412426905150983,0.0147674736187047,0.0178990505801254,0.0186082098981401,389982.0,-0.6751293188450781,0,0,-1,0,0,0.0,-0.8734643049499398,0.2025596197591433,0.2841386192350691,0.0031746031746031,-0.0294840294840295,-0.205635404420752,0.0,0.0
2024-03-25,15.55,15.8,-0.0120982055055804,-0.0120982055055804,-0.0527934196792885,inf,-0.0159493014076779,15.776,15.964999999999998,15.983,0,25,3,15.779672671493689,15.879974995927013,50.95057034220535,-0.0840853334246745,-0.0319326300173935,16.574417323092,15.355582676907996,0.0144726943548503,0.0181776104798787,0.0186230328875757,254148.0,-1.3619566896930706,0,0,-1,0,0,-0.0120253164556962,4.059790522324082,0.1914982827482475,0.2885606205549639,0.0051712992889463,-0.0401234567901234,0.0212436581949125,0.0400321543408359,0.0
2024-03-26,15.57,15.55,-0.0070717106021396,-0.0025657486814336,0.0336235035715681,-3.4373572774728,0.0012853472206637,15.739,15.934,15.982,1,26,3,15.741550367585743,15.85997660909301,32.10526315789474,-0.0967502467970042,-0.0448961533733157,16.558125493454128,15.309874506545876,0.0145018740056133,0.0181896005901635,0.0176659619682458,258515.0,-1.1664320839884283,0,0,-1,0,0,-0.0032154340836013,-0.3314606303272508,0.1220051260415274,0.2887509576549995,-0.0114285714285714,-0.038295243977764,-2.072317671975624,0.0044958253050738,0.0
2024-03-27,15.7,15.57,0.0121835428197402,0.0197144699730827,0.0121835428197402,1.200279250074689,0.0083147265083553,15.688999999999998,15.8995,15.973,2,27,3,15.733995755297428,15.849655537538624,36.63366336633664,-0.0951999624386061,-0.0549569151863738,16.493025594712943,15.305974405287056,0.0135573653654516,0.0180471727562546,0.0171730013402741,273018.0,-0.6722540755685119,0,0,-1,0,0,0.0077071290944122,0.0220145497499404,0.1441851943673642,0.286489985885219,-0.0031746031746032,-0.042098840756559,-1.5278789029977609,0.0121019108280255,0.0
2024-03-28,15.75,15.7,-0.0025526497587789,-0.0082200905473476,-0.0121835428197402,-0.4247493563749538,0.0031796529173798,15.688999999999998,15.8675,15.976666666666668,3,28,3,15.736905617970622,15.843226148020005,38.164251207729485,-0.0889118483408459,-0.0617479018172682,16.41705963231854,15.317940367681462,0.0104645761704318,0.0180797169785069,0.0167506714745131,282502.0,-0.4276151052226323,0,0,-1,0,0,-0.0031847133757961,-0.1381511811616816,0.1442018968424208,0.287006609397369,-0.0031645569620253,-0.0390482001220257,-1.5282198591769511,0.0158730158730158,0.0
2024-04-01,15.74,15.75,-0.006410278360919,-0.0006351222823849,0.0032206147000421,-3.558939488186921,-0.0006351222823849,15.688,15.8345,15.971333333333336,0,1,4,15.737468232885051,15.836566396534842,44.382022471910126,-0.083769743582307,-0.066152270170276,16.32557722621362,15.34342277378638,0.0104668350020594,0.0180729962579428,0.0164671166109815,282232.0,-0.3848681834774883,0,0,-1,0,0,-0.0126984126984126,-0.4355104768693736,0.1441057402954229,0.2868999212659058,-0.0037974683544304,-0.0402439024390243,-1.4614539480276596,0.0120711562897077,0.0
2024-04-02,15.74,15.74,0.0,0.0006351222823848,-0.0090439892932188,0.0,0.0,15.714999999999998,15.821499999999997,15.955999999999998,1,2,4,15.737928554178678,15.830336306435822,44.382022471910126,-0.0787863880753914,-0.0686790937512991,16.307873259306902,15.335126740693092,0.0084250877011305,0.0172809010418762,0.0160689849755893,282232.0,-0.3351335561339716,0,0,-1,0,0,-0.0120711562897077,-0.4172992455287209,0.0573548274513008,0.2743257995275296,0.0122186495176848,-0.0162499999999999,1.4320316391097738,0.0216010165184243,0.0
2024-04-03,15.55,15.74,0.0,-0.0127797266463988,0.0090439892932187,3.3563807938525945,-0.0121446043640139,15.695,15.823999999999998,15.927666666666664,2,3,4,15.703759726146192,15.812250093117385,30.994152046783626,-0.0891408942956086,-0.072771453860161,16.303885951363643,15.344114048636357,0.0072445645980009,0.0159781504013105,0.015996535708276,274487.0,-1.1419379926476236,0,0,-1,0,0,-0.0120711562897077,-0.1266920138900674,0.119242796338577,0.2536452742359278,-0.0012845215157353,0.0032258064516128,-0.9693774862380916,0.0,0.0
2024-04-04,15.7,15.55,0.0096000737290191,0.0096000737290191,0.0096000737290191,-inf,0.0096000737290191,15.689999999999998,15.796499999999998,15.917666666666666,3,4,4,15.703076139574154,15.80500815162594,48.2269503546099,-0.0842717365559426,-0.0750715103993173,16.23483536788313,15.358164632116866,0.0080296727033628,0.0115830964176311,0.015528181189457,274487.0,-0.4403021388213762,0,0,-1,0,0,0.0096463022508037,-0.355628285765269,0.1253247815053865,0.1838759551988112,0.0,-0.0338461538461538,-0.7180547907849614,0.0,0.0
2024-04-05,15.69,15.7,-0.0128206884290614,-0.0006371456093211,-0.0179953442190789,inf,-0.0006371456093211,15.679000000000002,15.769,15.907333333333334,4,5,4,15.70069865965158,15.79758827087588,47.88732394366195,-0.0802942285085581,-0.0761160540211655,16.156211352596156,15.381788647403845,0.0079369339970654,0.0115829954816897,0.0155278885811851,271567.0,-0.4080458874479026,0,0,-1,0,0,-0.0127388535031846,-0.2622843825019552,0.1221511243137832,0.1838743528904148,-0.0038095238095238,-0.0338669950738915,-0.3059086013567664,0.017208413001912,0.0
2024-04-08,15.69,15.69,0.0121835428197402,0.0,0.0173581986097577,0.0,0.0,15.668,15.741500000000002,15.887666666666668,0,8,4,15.698753448805835,15.790647092109696,59.64912280701752,-0.0762629133317354,-0.0761454258832795,16.059869199780408,15.423130800219594,0.0079369339970654,0.0115829954816897,0.0151511095598645,271567.0,-0.3235237581746236,0,0,-1,0,0,0.0,-0.2660531098309275,0.1222684278881055,0.1838743528904148,-0.0031766200762389,-0.0338669950738915,-0.3871046312918657,0.0,0.0
2024-04-09,15.69,15.69,0.0,0.0,0.0,-4.087518597151701,0.0,15.682000000000002,15.729000000000005,15.870666666666668,1,9,4,15.697161912659318,15.784153731328423,46.5116279069767,-0.0722353824857151,-0.0753634172037666,16.033900328839955,15.42409967116005,0.0058949865748344,0.010887131000521,0.01513522445394,271567.0,-0.2558213049384739,0,0,-1,0,0,0.0,-0.3473731632370401,0.1222684278881055,0.1728278467101631,-0.0031766200762389,-0.0156838143036386,-0.3871046312918657,0.0,0.0
2024-04-10,15.65,15.69,0.0,0.0,-0.0154145634011867,4.257203569941144,-0.0025526497587789,15.689999999999998,15.7145,15.852666666666666,2,10,4,15.688587019448532,15.775498651887885,44.44444444444444,-0.0714475975495378,-0.0745802532729208,16.004362036148915,15.424637963851088,0.0059919447669319,0.0108930142362906,0.0151378462292017,268107.0,-0.4450393080580182,0,0,-1,0,0,0.0,-0.22404205121907,0.0759699389549084,0.1729212401826678,0.0064308681672025,-0.0181932245922207,1.9574709145191929,0.0153354632587859,0.0
2024-04-11,15.65,15.65,-0.0025526497587789,-0.0025526497587789,0.0128619136424078,-inf,0.0,15.685,15.687,15.828,3,11,4,15.681571197730616,15.767401964669313,41.17647058823524,-0.070016169493563,-0.0736674365170493,15.866132412067234,15.507867587932768,0.0053258006919595,0.0101230705360553,0.0149280898963288,268107.0,-0.4131022361951305,0,0,-1,0,0,0.0,-0.3348608887349928,0.0175241902750619,0.1606987628566067,-0.003184713375796,-0.0339506172839505,-1.9248685582404716,0.0,0.0
2024-04-12,15.64,15.65,-0.0128619136424078,-0.0006391818689971,-0.032470385030784,inf,-0.0006391818689971,15.674,15.681500000000003,15.803,4,12,4,15.674012798143233,15.759182483077744,40.6976744186046,-0.0688944960081876,-0.0727128484152769,15.859237239531236,15.50376276046877,0.0051826638426456,0.0080460146357069,0.0149264325139273,260517.0,-0.4669814846844216,0,0,-1,0,0,-0.012779552715655,-0.0922858522494763,0.0175241938540752,0.1277265226275996,-0.0031867431485022,-0.0069841269841269,-1.9230239860692933,0.0313299232736573,0.0
2024-04-15,15.59,15.64,0.0128619136424078,0.0006391818689972,0.0006598482588475,-3.198014572910484,-0.0032020520474798,15.659,15.6735,15.776,0,15,4,15.658737743935369,15.748267484169505,53.03030303030299,-0.071219173522401,-0.0724141134367018,15.852652977854335,15.49434702214566,0.0052426982034421,0.0080710489685139,0.0149244709156615,260207.0,-0.9321642430960828,0,0,-1,0,0,0.0006393861892582,-0.3332528429926492,0.0237768826728653,0.1281239303406731,-0.0063734862970044,-0.0101587301587301,-0.5841533886638736,0.0314304041051956,0.0
2024-04-16,15.58,15.59,-0.00448287654356,-0.00448287654356,0.0273276602283765,1.9249547838793253,-0.0006416426270829,15.643,15.678999999999998,15.762,1,16,4,15.644421790492572,15.73741151744889,50.76923076923076,-0.073026608343822,-0.0725366124181258,15.837399893674782,15.520600106325215,0.0052337718883595,0.0069728976728266,0.0142891598670094,258082.0,-1.2500008390568649,0,0,-1,0,0,-0.0006414368184733,-0.2702416891466439,0.0219741534391918,0.1106913189588025,-0.0070108349267048,0.0071105365223012,-0.561835646878021,0.0,0.0
2024-04-17,15.54,15.58,-0.0116205310230187,-0.0025706955031008,-0.0116205310230187,-2.3632097148104805,-0.0025706955031008,15.642,15.6685,15.763333333333332,2,17,4,15.625436010403014,15.724675290516704,35.714285714285666,-0.0768013608866038,-0.0733895621118214,15.834730657760051,15.502269342239948,0.0036140723861173,0.0056056658205757,0.0130899362282015,257882.0,-1.5460445351240262,0,0,-1,0,0,-0.011553273427471,-0.3255852208189759,0.0220334832618344,0.0889871861650688,-0.0070287539936102,-0.0133333333333334,-0.5555283625447525,0.0090090090090089,0.0
2024-04-18,15.52,15.54,0.0,-0.0012878301844286,-0.0032520353863773,3.1280754605417043,-0.0012878301844286,15.624,15.657,15.739,3,18,4,15.606265826693374,15.711470433064015,28.30188679245269,-0.0804790005040345,-0.074807449790264,15.831126390878556,15.482873609121445,0.0011984472451596,0.0056051267164477,0.0094025231695212,253316.0,-1.573569627312282,0,0,-1,0,0,-0.0090090090090089,-0.1870638778869111,0.0184520327205042,0.0889786281523486,-0.0083067092651757,-0.0146031746031746,-0.557589193800109,0.0109536082474226,0.0
2024-04-19,15.52,15.52,0.0077620053354891,0.0,0.0110140407218666,-3.821222641101649,0.0,15.607000000000005,15.643,15.715000000000002,4,19,4,15.59058113093094,15.699117501898598,28.846153846153697,-0.0824432024777586,-0.0763346003277629,15.813707506079751,15.472292493920248,0.0012448778479167,0.0055335160504639,0.0094051633548483,253316.0,-1.44106141346282,0,0,-1,0,0,0.0,-0.3254010084295052,0.0210658554187784,0.087841844071871,-0.0076726342710997,-0.0177215189873418,-0.2264485051886526,0.0,0.0
2024-04-22,15.5,15.52,-0.0142766863566828,-0.0012894908298717,-0.0142766863566828,1.0986122886681098,-0.0012894908298717,15.588,15.628,15.690333333333337,0,22,4,15.574111834398042,15.686271211453528,27.777777777777644,-0.0846380250785081,-0.077995285277912,15.79325578260563,15.46274421739437,0.0011849824681824,0.0055302436379593,0.0094011720388434,253016.0,-1.54911371913033,0,0,-1,0,0,-0.0141752577319586,-0.319272225447631,0.0151181258873066,0.0877898961338259,-0.0057729313662604,-0.0189873417721518,-0.5428306443581404,0.0129032258064515,0.0
2024-04-23,15.5,15.5,0.0110498361865849,0.0,0.008298802814695,4.207325965011288,0.0,15.569,15.625500000000002,15.675666666666668,1,23,4,15.56063695541658,15.6742537139404,42.85714285714271,-0.0853930795368906,-0.0794748441297077,15.797114623350568,15.453885376649437,0.0011849824681824,0.0042800995993631,0.0088400713459583,253016.0,-1.462579325115397,0,0,-1,0,0,-0.0019354838709677,2.9444133114290345,0.0170573886331669,0.0679444747590128,-0.0051347881899871,-0.0032154340836013,-0.5043957079531535,0.0046774193548386,0.0
2024-04-24,15.3,15.5,0.0128453917829546,0.0109080324427285,-0.008298802814695,-0.5204485135680248,-0.012987195526811,15.534,15.611999999999998,15.654333333333334,2,24,4,15.513248418068107,15.650108313041018,0.0,-0.100965921867111,-0.0837730596771884,15.83636811857295,15.387631881427046,0.0038974420610255,0.0051222703357397,0.009104971942662,241040.0,-2.781143791590454,0,0,-1,0,0,0.0109677419354838,1.310944011436584,0.0876306857118765,0.0813135207384648,-0.0154440154440153,-0.0173410404624276,-2.160368716906067,0.0241830065359476,0.0
2024-04-25,15.5,15.3,-0.0083307114284281,-0.0044771421124381,0.0113729901722699,0.0743226642502991,0.0129871955268111,15.519,15.602,15.630999999999998,3,25,4,15.510839614782997,15.640423905748053,33.89830508474576,-0.0960618419621042,-0.0862308161341715,15.827677926072036,15.376322073927962,0.0062305947130302,0.0056508126516085,0.0089056413434843,253940.0,-0.9039430818540922,0,0,-1,0,0,0.0156862745098038,1.5224222591652312,0.1460923668251381,0.0897038698894418,-0.0012886597938144,-0.0127388535031847,0.1662125075646859,0.0080645161290322,0.0
2024-04-26,15.75,15.5,0.0032123381301837,0.02531780798429,0.0032258092488827,0.1020527253651544,0.0160003413464411,15.529999999999998,15.602,15.630999999999998,4,26,4,15.554323321186088,15.64749333118366,53.571428571428605,-0.0711818723275587,-0.083221027372849,15.827677926072036,15.376322073927962,0.0082509320115195,0.0067454659054842,0.0079872662611926,268226.0,1.3116036873961656,0,0,-1,0,0,0.0058064516129032,1.6324393922939988,0.1868409585972162,0.1070809515790587,0.0148195876288659,0.0,-0.2162494727344971,0.0301587301587301,0.0
2024-04-29,15.7,15.75,0.0038412339164771,-0.0189280098855189,-0.0029027596579613,-1.615475984559666,-0.0031796529173797,15.541,15.6,15.629333333333332,0,29,4,15.580809990061343,15.650880858204072,50.56179775280897,-0.0548664331856478,-0.0775501085354088,15.821192937929446,15.378807062070551,0.0082497537220831,0.0067822790980755,0.0080086896656672,265386.0,0.90418799927416,0,0,-1,0,0,-0.0063492063492063,-0.3235944598419064,0.1900219585722188,0.1076653428944354,0.0129032258064516,-0.0025412960609911,-0.0860044551387257,0.0140127388535031,0.0
2024-04-30,16.7,15.7,0.0031897953681,0.061748007068447,0.0012911557636198,2.1650214368415845,0.061748007068447,15.653,15.648,15.670333333333334,1,30,4,15.784299082777462,15.718565964126393,78.37837837837836,0.0383136565487323,-0.0543773555185805,16.186363993478462,15.109636006521542,0.0215012636062266,0.015797282422176,0.0136355347254488,290136.0,3.908136549782429,0,0,-1,0,0,0.0,2.5867271361687862,0.4685245854052671,0.2507740840783791,0.0774193548387096,0.0609911054637863,1.3601662076782637,0.0718562874251496,0.0
2024-05-01,16.25,16.7,0.0344321964214842,-0.0108369513298773,0.0128206884290614,-1.14500532823782,-0.0273158106469628,15.724,15.683000000000002,15.687,2,1,5,15.868971976817924,15.752852030956948,63.04347826086957,0.0749839415936328,-0.0285050960961378,16.28212567875844,15.08387432124156,0.0239682048085745,0.0168623744172517,0.0143366868406436,282260.0,1.892758131065203,0,0,-1,0,0,-0.026946107784431,0.2628629982085457,0.5286487308290851,0.2676818953326357,0.0620915032679738,0.045016077170418,0.7701234360230361,0.0504615384615384,0.0
2024-05-02,15.6,16.25,0.0,-0.0164788593170855,-0.006389798098771,-0.3344681516774411,-0.0408219945202551,15.732,15.678,15.682,3,2,5,15.820067981032844,15.742990609604886,49.31972789115645,0.0510078521946955,-0.0126025064379712,16.27819645906493,15.077803540935074,0.0278586480814839,0.0192190514013237,0.0161869274707337,276623.0,-0.2599148956044186,0,0,-1,0,0,0.0,-0.0856752653487072,0.6465061757978562,0.3050929826548201,0.0064516129032257,-0.0063694267515923,0.8656976710127804,0.0416666666666666,0.0
2024-05-03,15.94,15.6,-0.0268179464362386,-0.0155041865359651,0.0095694510161506,-2.1313232279533465,0.0215607591065775,15.773999999999996,15.6905,15.686666666666666,4,3,5,15.841873802663237,15.755700892856186,55.417956656346746,0.0587643878257875,0.0016708724147805,16.302054533438202,15.0789454665618,0.0286260214215591,0.0198336543291514,0.0166703244255946,277292.0,0.815953398619396,0,0,-1,0,0,0.0141025641025641,-0.7588883670693041,0.6555282477272908,0.3148495016673259,0.0120634920634921,0.0159337157425112,0.7226036677928462,0.0156838143036386,0.0
2024-05-06,15.94,15.94,0.007556711022561,0.0,0.0,3.08832099297678,0.0,15.817999999999998,15.702999999999998,15.691333333333333,0,6,5,15.859714929451735,15.767591157833207,55.59006211180124,0.0641717660230725,0.0141710511364389,16.324648064253292,15.081351935746705,0.0286072756255003,0.0198336543291514,0.0166703244255946,277292.0,0.7624893042486319,0,0,-1,0,0,0.0,1.074401178726806,0.6540075722332017,0.3148495016673259,0.0152866242038216,0.0159337157425112,0.6518727071068331,0.0156838143036386,0.0
2024-05-07,15.96,15.94,-0.0107222723871219,-0.0012507819016526,0.0012690357033049,-2.3936801601600517,0.0012539186595939,15.864,15.7165,15.705000000000002,1,7,5,15.87794857864233,15.78000463152139,56.56250000000003,0.0692724553112817,0.0251913319714075,16.348598426712982,15.084401573287018,0.0285945925222466,0.019832392950168,0.0163854589516382,278632.0,0.7704496316063988,0,0,-1,0,0,-0.0106649937264742,-0.7413932027365363,0.3902435762709738,0.3148294778967312,-0.0443113772455089,0.0172084130019121,-0.1727786474170266,0.0131578947368421,0.0
2024-05-08,15.98,15.96,0.0126025612519741,0.0,0.0082097082512389,1.8633856863353284,0.0012523483164658,15.932,15.733,15.718666666666666,2,8,5,15.896503382525545,15.79290755852001,57.187500000000014,0.0740747337529139,0.0349680123277088,16.37494113519312,15.09105886480688,0.0280489364422443,0.0198144149035306,0.0163854398727584,287269.0,0.7695409639879064,0,0,-1,0,0,0.00062656641604,0.217386445834768,0.357518454067272,0.3145440852539631,-0.0166153846153845,0.0210862619808307,-1.253995124333622,0.0050062578222778,0.0
2024-05-09,15.78,15.98,-0.0113351339593704,-0.011961112070578,-0.011029151564734,-0.7007014032467632,-0.0125946249204004,15.96,15.7395,15.721333333333332,3,9,5,15.87532094933908,15.792074812809044,53.823529411764696,0.0610386301530176,0.0401821358927705,16.38053452571472,15.098465474285284,0.0283664475609954,0.020051446180459,0.0165048828974241,282983.0,0.1263582486601411,0,0,-1,0,0,-0.0118898623279099,-0.4155189918571016,0.195555549068022,0.3183068401241428,0.0115384615384614,0.0083067092651756,0.8999914176934026,0.0040811153358681,0.0
2024-05-10,15.685,15.78,-0.0095450931503855,0.0,-0.0080190434059604,-0.173864650297621,-0.0060384737750866,15.9535,15.74175,15.719166666666666,4,10,5,15.840717140368335,15.78516676036975,52.66187050359713,0.0425512141684496,0.0406559515479063,16.38162889479213,15.101871105207868,0.0280161326719377,0.0201050070986581,0.0165349256021896,279381.0,-0.1773773145571079,0,0,-1,0,0,-0.0088719898605829,-0.4801368110840244,0.0954617191211344,0.3191570933414266,-0.0159974905897113,0.0028772378516623,-1.1859095385218268,0.0121134842205928,0.0
2024-05-13,15.74,15.685,0.0082776658577818,-0.0012674272926036,0.0012812301560485,-0.3651985148796092,0.0035004013466156,15.9575,15.74925,15.719166666666666,0,13,5,15.822404933028636,15.782252775829766,53.39943342776205,0.031969321711383,0.0389186255806017,16.385143693532246,15.113356306467752,0.028013426507327,0.0200989411234731,0.0165467917462277,281881.0,-0.0290929131522537,0,0,-1,0,0,0.0054191903092125,-0.6566557532459264,0.1055886552492663,0.3190607989706346,-0.0125470514429109,0.0096215522771008,-1.0244594489728434,0.0095298602287166,0.0
2024-05-14,15.7,15.74,-0.0044486886206846,-0.0044486886206846,0.0044714223334012,1.4309808787422966,-0.0025445306349948,15.857499999999998,15.75525,15.717833333333337,1,14,5,15.800149490659791,15.776946145131074,55.93471810089019,0.0201234592824999,0.0351595923209813,16.386668411615243,15.123831588384755,0.017170126845289,0.0201099422272027,0.0165539859205718,271424.0,-0.1750028158306784,0,0,-1,0,0,-0.0025412960609911,0.4072323071129711,0.100385689707668,0.3192354360783296,-0.0162907268170426,0.0077021822849807,-0.6757821502659798,0.0006369426751592,0.0
2024-05-15,15.7,15.7,0.0006367399132675,0.0050826030634658,-0.0003187251022996,0.0702480204696935,0.0,15.8025,15.76325,15.722833333333334,2,15,5,15.78194049235801,15.771981877703263,53.1545741324921,0.0106131857637734,0.0302503110095397,16.387195636970993,15.139304363029009,0.0155603639542399,0.0200970309025887,0.0163952529688581,271424.0,-0.2027420219077211,0,0,-1,0,0,0.0006369426751593,0.4484807294323175,0.0971765287717177,0.3190304751541788,-0.0175219023779725,0.0102960102960103,-0.6443439586026869,0.0060509554140126,0.0
2024-05-16,15.7,15.7,-0.0012738855225887,0.0,0.000159375249361,1.0247877036322262,0.0,15.8125,15.77225,15.722833333333334,3,16,5,15.76704222102019,15.767337885593378,49.143835616438345,0.0030411687817082,0.0248084825639734,16.386540133749072,15.157959866250929,0.0087258755414461,0.0200923890056499,0.0163029692069005,271424.0,-0.2352308657768975,0,0,-1,0,0,-0.0006369426751592,2.5544721571549123,0.0560614286128116,0.3189567873247084,-0.0050697084917616,0.0115979381443298,-0.3312798702059578,0.0058917197452228,0.0
2024-05-17,15.7,15.7,0.0038167985267008,0.0037950709685515,0.000624506150653,0.2483455459447065,0.0,15.7885,15.78125,15.723166666666668,4,17,5,15.754852726289249,15.762993505877676,50.0,-0.0029259803499002,0.0192615899811987,16.385165949188803,15.177334050811195,0.0046199420489318,0.0200923890056499,0.0163023553540088,271424.0,-0.2690771790648614,0,0,-1,0,0,0.0031847133757962,2.688230036589084,0.0342017695036143,0.3189567873247084,0.0009563277016255,0.0115979381443298,0.6630210435453906,0.0090891719745222,0.0
2024-05-20,16.0,15.7,-0.0012706482014555,0.037787090825101,0.0020809940275307,-2.0993789388566486,0.0189280098855188,15.7945,15.80625,15.7335,0,20,5,15.799424957873018,15.77828424743396,33.87096774193552,0.0163638712461313,0.0186820462341852,16.402491517649374,15.210008482350627,0.0080157728983231,0.0204962187125104,0.0166656208711243,276334.0,0.6499044238443558,0,0,-1,0,0,0.0019108280254777,-0.6511080581670022,0.1412500220010068,0.3253673851829464,0.0165184243964422,0.032258064516129,2.1473881493794167,0.0449999999999999,0.0
2024-05-21,15.8,16.0,0.0107493921559993,-0.0252398747730124,-0.0070175726586466,2.009047485325716,-0.01257878220686,15.7785,15.821249999999996,15.737166666666663,1,21,5,15.799529510987014,15.779685263728544,38.28125000000004,0.015336104020843,0.0180128577915168,16.399886100535138,15.24261389946486,0.008976257631263,0.0207426354763672,0.0168412511400769,239724.0,-0.0734485801364417,0,0,-1,0,0,-0.0062499999999999,2.057680837805021,0.1797122075562148,0.3292791300392011,0.0063694267515923,0.0193548387096773,0.8557033087875655,0.0265822784810126,0.0
2024-05-22,15.75,15.8,-0.0063091691932647,-0.0150756624054472,-0.0044915057862966,-2.95846754095975,-0.003169574761279,15.7555,15.84375,15.7405,2,22,5,15.790524145353013,15.777770085423477,55.68181818181818,0.0103674988839852,0.0164837860100105,16.369636469637484,15.317863530362516,0.0089633375495164,0.0205080930510005,0.016845299851194,237824.0,-0.3565408330989227,0,0,-1,0,0,0.0,-0.8473852571285948,0.1825601100716384,0.3255558844627164,0.0031847133757962,0.0294117647058822,1.06769703833113,0.0158730158730158,0.0
2024-05-23,15.75,15.75,-0.003169574761279,-0.003169574761279,0.0127797266463988,-inf,0.0,15.7525,15.85625,15.743833333333331,3,23,5,15.78315611892519,15.77597846700906,40.30612244897964,0.0063565689461739,0.0144583425972432,16.359114164980426,15.353385835019573,0.0080700329812521,0.0203323824663085,0.016845299851194,237824.0,-0.4225793261849745,0,0,-1,0,0,0.0,-0.929521487680402,0.1825601100716384,0.3227665654038157,0.0031847133757962,0.0161290322580645,1.06769703833113,0.0,0.0
2024-05-24,15.45,15.75,-0.0089286307443014,-0.0089286307443014,-0.0192313619278876,inf,-0.0192313619278876,15.729000000000005,15.841250000000002,15.7375,4,24,5,15.722582279120608,15.754947598169766,30.859375000000043,-0.0207899609930937,0.0074086818791758,16.374441730105637,15.308058269894367,0.0099528194305152,0.0204751857036892,0.0172137307116944,224294.0,-1.4675771506151811,0,0,-1,0,0,-0.0088888888888889,0.1791819748706868,0.2307962201934945,0.3250334965189606,-0.0159235668789808,-0.019047619047619,0.833737948093305,0.0103559870550161,0.0
2024-05-28,15.69,15.45,-0.0070717106021396,0.0265502320941209,-0.0058422756242284,0.8472978603872037,0.0154145634011867,15.724,15.84075,15.740833333333336,1,28,5,15.716658228371404,15.75075743054591,40.999999999999964,-0.022676388028211,0.0013916678976984,16.374517887658246,15.306982112341757,0.0112609624733785,0.0207843289059589,0.0174419430024013,255864.0,-0.5648522643854548,0,0,-1,0,0,0.0032362459546926,1.4624951302817717,0.2095224764122218,0.3299409927152315,-0.019375,-0.0006369426751592,0.5714312006188611,0.04270235818993,0.0
2024-05-29,15.14,15.69,-0.0045263575501314,-0.0278322835517765,-0.0144264797102233,-0.3876488380860568,-0.0356833187356384,15.668,15.76275,15.726166666666668,2,29,5,15.61181127775842,15.7113537253494,29.31034482758622,-0.0677705814257745,-0.0124407819669961,16.21798244496386,15.307517555036144,0.0157794948868285,0.0161012043023196,0.0186029187060106,234439.0,-2.7359649202922838,0,0,-1,0,0,-0.0165710643722115,0.6937026015042764,0.3068554875878951,0.2555986943554867,-0.0417721518987341,-0.0934131736526945,-0.3424971962179902,0.0297225891677674,0.0
2024-05-30,15.5,15.14,-0.0150182385228388,0.0089400340005012,0.0039551798429277,-0.2624716214552505,0.0234997759158981,15.648,15.72525,15.724833333333333,3,30,5,15.591481954529616,15.697718001133312,43.60730593607307,-0.0736105268919473,-0.0246747309519863,16.132519146750813,15.317980853249184,0.0180025484655156,0.0164156194989947,0.0191304238244856,250918.0,-1.1061481175141257,0,0,-1,0,0,0.0039630118890355,0.2711744738860968,0.3851458631595019,0.2605898808684176,-0.0158730158730159,-0.0461538461538461,-0.3433695758565068,0.0341935483870968,0.0
2024-05-31,15.99,15.5,0.0195445960729703,0.0163938097756763,0.0013149245813092,0.631642263636047,0.031123502920662,15.677,15.744750000000002,15.7405,4,31,5,15.663939780978776,15.716574904286002,55.89941972920696,-0.0382587972498686,-0.0273915442115628,16.16394063619562,15.325559363804386,0.0207846095929855,0.0155299841057979,0.0199732388848411,281910.0,1.1701120150286572,0,0,-1,0,0,0.0,1.267387293122322,0.4587897611113187,0.2465308548523626,0.0152380952380952,0.0250000000000001,-0.6060858952321432,0.0481550969355847,0.0
2024-06-03,15.9,15.99,0.0254790853009849,-0.0056444176196769,0.0182296714916612,-0.8054438740312926,-0.0056444176196769,15.697,15.74275,15.753166666666663,0,3,6,15.706859820800815,15.728408781428842,53.05343511450381,-0.0173050626613449,-0.0253742479015192,16.15838489798314,15.327115102016863,0.0209213518243153,0.0148244633246175,0.0200111636870055,268060.0,0.7566737093687396,0,0,-1,0,0,-0.0056285178236397,-0.0873652276086258,0.4262263503724346,0.2353310596616149,0.0291262135922329,-0.002509410288582,-1.0310654537238158,0.0251572327044025,0.0
2024-06-04,15.85,15.9,-0.0094787439545437,0.0,0.0160003413464411,-2.2882479298476386,-0.0031496089028962,15.682000000000002,15.738250000000004,15.764833333333334,1,4,6,15.73288530792794,15.73625337617537,52.85171102661597,-0.0046797143351646,-0.0212353411882483,16.14678106562335,15.329718934376654,0.0199992198442311,0.0148408938358628,0.0200213446830252,266655.0,0.5470820184971044,0,0,-1,0,0,-0.0094339622641509,-0.982543053833588,0.4206290077093915,0.2355918859416267,0.010197578075207,-0.0056461731493099,-0.3985246897251007,0.0094637223974763,0.0
2024-06-05,15.89,15.85,0.0012690357033049,-0.0006291286775612,-0.0289875368732522,1.5317648741158822,0.0025204802253351,15.691,15.73475,15.777833333333332,2,5,6,15.761451615577403,15.746172513196315,53.55805243445695,0.0084561536051221,-0.0152970422295742,16.13642380062143,15.33307619937857,0.0195793164819763,0.014850053044154,0.0200225755826129,273155.0,0.7730153162083926,0,0,-1,0,0,-0.0050473186119873,-0.6244765768617032,0.2667830880795304,0.2357372838656952,0.0495376486129457,-0.0043859649122807,0.5957872715613791,0.0371302706104468,0.0
2024-06-06,15.7,15.89,-0.0166244237864994,-0.0120292681943623,0.0,2.894644667284705,-0.0120292681943623,15.686000000000002,15.72075,15.791166666666667,3,6,6,15.75027859456333,15.7431936413772,50.0,0.0034947264517271,-0.0115386884933139,16.10559822709107,15.335901772908937,0.0199677659573186,0.0150780383930366,0.0200006232442712,155654.0,-0.1078347178930427,0,0,-1,0,0,-0.0239144115796098,3.7082328755365954,0.2696731732911933,0.2393564390799542,0.0129032258064516,-0.0175219023779725,1.7260676446068004,0.0254777070063693,0.0
2024-06-07,15.6,15.7,0.0178918510791031,0.0063492276786587,0.0045647291521146,-3.761779001694728,-0.006389798098771,15.671,15.71175,15.7945,4,7,6,15.722955213733632,15.73395534193351,48.310810810810814,-0.0084094654941146,-0.0109128438934741,16.099174355944935,15.324325644055069,0.020064217016747,0.0148875966301041,0.0199125090492723,152923.0,-0.5768868078902304,0,0,-1,0,0,0.0057324840764331,-0.6527058301200304,0.0835053827359053,0.2363332698161936,-0.024390243902439,-0.0114068441064638,0.1847778017093473,0.0275641025641026,0.0
2024-06-10,15.6332,15.6,-0.0115932249467405,-0.0106130820698155,0.0153660457703057,-1.6643802469652758,0.0021259437076142,15.68932,15.70916,15.790606666666667,0,10,6,15.70663608396388,15.72745499729264,43.19025694341306,-0.0149918441924903,-0.0117286439532773,16.098027215329726,15.320292784670276,0.0190113016593969,0.0148390775540124,0.019694126218661,153440.0,-0.3906732015739257,0,0,-1,0,0,0.0005128205128205,-0.7278711045451562,0.0964801661746842,0.2355630533611058,-0.0167798742138364,-0.0033025183296142,-0.5419035117271247,0.0016119540465163,0.0
2024-06-11,15.9,15.6332,0.001408541112575,0.0169222512630803,0.001408541112575,3.103015504406633,0.0169222512630803,15.71032,15.717159999999998,15.797273333333331,1,11,6,15.741793159606807,15.73858693295118,51.81159420289854,0.0013050596101198,-0.0091219032405979,16.11517426263836,15.319145737361636,0.0191441032076551,0.0153128471033669,0.0199291439105894,164951.0,0.9187610453353652,0,0,-1,0,0,-0.0002046925773353,-0.3322338289832287,0.1745110886921435,0.243083911799188,0.003154574132492,0.0101651842439645,0.640801836232001,0.0169811320754716,0.0
2024-06-12,16.0,15.9,0.0171269647928006,0.0062696130135953,-0.0032041039907831,0.2713916438879536,0.0062696130135953,15.79632,15.73216,15.77394,2,12,6,15.788739857860117,15.75545229211562,54.44839857651245,0.0220356245881188,-0.0028903976748545,16.149589963366537,15.31473003663346,0.014199541684281,0.0153442604941638,0.0160398083854934,180051.0,1.283281141774746,0,0,-1,0,0,0.0,-0.2047530173789203,0.1790094156388161,0.243582583918503,0.0069225928256764,0.019108280254777,0.3086457735461654,0.0262499999999999,0.0
2024-06-13,15.95,16.0,-0.0184073746988452,-0.0006251953939183,0.0019236940847385,-2.028572178197898,-0.0031298930089277,15.84132,15.74466,15.763939999999998,3,13,6,15.81805988370373,15.76800375714042,53.49650349650348,0.0340377980086223,0.0044952414618408,16.172868490292167,15.316451509707834,0.012864918953962,0.0153714955716283,0.0152990240223683,178065.0,0.9590655237120426,0,0,-1,0,0,-0.024375,-0.6820527484259546,0.1451768686148484,0.2440149273699557,0.015923566878981,0.015923566878981,0.8537045372713473,0.0238244514106583,0.0
2024-06-14,15.92,15.95,0.0120982055055803,-0.0043873464296259,0.0120982055055803,-0.251098655273272,-0.0018826488146165,15.83432,15.75566,15.774606666666669,4,14,6,15.836594450303052,15.777809966357168,59.07335907335908,0.0406601527055006,0.0117282237105727,16.19029270107357,15.321027298926431,0.0080169775399686,0.0153830568992155,0.0133668663943248,176520.0,0.7562247368597402,0,0,-1,0,0,-0.0094043887147334,-0.6384150245354268,0.1291544987088347,0.2441984577556839,0.0205128205128204,0.0140127388535031,1.2341580626624706,0.007537688442211,0.0
2024-06-17,15.95,15.92,0.0075662403833158,0.0050125418235441,-0.0063492276786588,1.213634715237673,0.0018826488146165,15.839319999999995,15.768159999999998,15.77494,0,17,6,15.857213641157042,15.78891900078574,55.462184873949575,0.0477784060696571,0.0189382601823896,16.210366555213835,15.325953444786164,0.0078232685143275,0.0153836156789663,0.0127674671205245,181720.0,0.8224210964582821,0,0,-1,0,0,0.0,-0.4409919166956221,0.1293998101793354,0.2442073281092342,0.0202645651562058,0.015923566878981,1.254600977489614,0.0188087774294671,0.0
2024-06-18,15.95,15.95,-0.003775964209535,-0.0031298930089277,0.0,1.160744069775116,0.0,15.84932,15.765660000000002,15.775273333333336,1,18,6,15.874083888219396,15.799311323315694,72.13114754098355,0.0528109019410667,0.025712788534125,16.20288510834675,15.328434891653258,0.0077302180812853,0.0147747483001429,0.0127674671205245,181720.0,0.8432269624085929,0,0,-1,0,0,-0.0056426332288401,-0.0286739931660502,0.0585437517258327,0.234541858114515,0.0031446540880502,-0.003125,0.9438553678636864,0.0156739811912225,0.0
2024-06-20,15.89,15.95,-0.0037902761737806,-0.0037688486822288,-0.0089571936040167,0.8561057724281985,-0.0037688486822288,15.84932,15.77016,15.77294,3,20,6,15.87697772672496,15.805162205682423,62.7450980392157,0.0513655821600789,0.0308433472593158,16.210713175714332,15.329606824285673,0.007816530687715,0.0145141956133206,0.0127846567340881,142644.0,0.5440432919621413,0,0,-1,0,0,-0.0094043887147334,0.8254435274586532,0.0368287368393603,0.2304057124379459,-0.0068749999999999,0.0056962025316456,0.6088978084037072,0.0207677784770295,0.0
2024-06-21,15.64,15.89,-0.0027125363620985,-0.0082212413166872,0.0012909401569956,-1.127851252617167,-0.0158582454314595,15.84332,15.76466,15.761606666666667,4,21,6,15.83389086732042,15.794506579509369,36.434108527131805,0.0297048264096186,0.0306156430893764,16.20900314099328,15.320316859006724,0.008519403765027,0.0149417318457053,0.0130964930108528,129994.0,-0.5610978925941686,0,0,-1,0,0,-0.0083574575204532,-0.2065154005469651,0.1102076480284621,0.2371926397221029,-0.0194357366771159,-0.0069841269841269,-1.7393875381286852,0.0114961636828644,0.0
2024-06-24,15.85,15.64,0.0090217055553633,0.0088503699942485,0.004476458078921,0.2928465790126845,0.0133377652061245,15.86832,15.769660000000002,15.76394,0,24,6,15.836819800534888,15.798086800186184,48.22695035460991,0.0291477690392039,0.0303220682793419,16.21555635991997,15.323763640080037,0.0092352900531752,0.0152517204067816,0.0131413010508908,146948.0,0.3603527959475517,0,0,-1,0,0,0.016624040920716,-0.0742947442364508,0.1668752628540013,0.2421135555733979,-0.0043969849246231,0.0063492063492063,-0.1462918494870907,0.0157728706624605,0.0
2024-06-25,15.95,15.85,-0.0075757938084577,0.0062696130135953,0.0031897953681,0.964468407438361,0.0062893289075639,15.9,15.794660000000002,15.772773333333332,1,25,6,15.857398018619453,15.807887651787077,53.42465753424656,0.0363563677485458,0.0315289281731827,16.2207195283345,15.368600471665506,0.0093542506086445,0.0145870730631733,0.0131318487419835,191425.0,0.7291938786452423,0,0,-1,0,0,-0.0044164037854889,0.9191309633263,0.1742158146251599,0.2315626060889149,0.0,0.0323624595469256,-0.4241689390351686,0.0188087774294671,0.0
2024-06-26,16.0,15.95,0.0107155138131253,0.0006248047688421,0.0095087879690273,-0.8428783851004134,0.0031298930089277,15.91,15.81016,15.78144,2,26,6,15.883325651597731,15.820281996833074,53.74149659863944,0.0455784166775341,0.0343388258740529,16.24269420381987,15.37762579618013,0.0077726749131128,0.0142269903080279,0.0131292276568975,210571.0,0.8778034121854557,0,0,-1,0,0,0.0,-0.024414940464383,0.1755772289671709,0.2258464695598096,0.0031347962382446,0.0197578075207138,-0.6891297039435395,0.0100000000000001,0.0
2024-06-27,16.7,16.0,0.0031298930089277,0.045184731262452,0.0094192219164915,0.2892477530597028,0.0428199971829281,15.98,15.88816,15.814773333333331,3,27,6,16.03181189676178,15.877037997037394,75.25252525252529,0.1081247123720121,0.0490960031736448,16.371498941335098,15.404821058664902,0.0157370002382201,0.0146018716431729,0.0152866937487118,236139.0,3.359298953887326,0,0,-1,0,0,0.0,0.2138209184940409,0.3435647612703733,0.2317975262635308,0.0509754562617998,0.1030383091149271,0.8249686635572663,0.0449101796407185,0.0
2024-06-28,16.6,16.7,0.0307716586667536,-0.0059880418446226,0.0301654143317262,-0.91347866940555,-0.0060060240602116,16.045,15.94316,15.844773333333334,4,28,6,16.135118824623273,15.92368070690595,75.25252525252536,0.147918821963163,0.0688605669315484,16.487069150309022,15.39925084969098,0.0159141690642551,0.0140970337290549,0.0153549812362765,225883.0,2.415256296485605,0,0,-1,0,0,-0.0119760479041915,-0.3600248858074195,0.3016747171346616,0.2237834728246136,0.0613810741687979,0.0709677419354839,1.5031506906774137,0.0096385542168674,0.0
2024-07-01,16.6,16.6,0.0060423144559626,-0.0030075210639551,0.0066485587909902,-9.23561817916045,0.0,16.113,15.97366,15.874773333333334,0,1,7,16.21964267469177,15.967314209686212,74.8304910622561,0.1774108585720331,0.0905706252596454,16.591954143592197,15.3553658564078,0.0158464122740601,0.0124592913454552,0.0153549812362765,225883.0,2.026025982911818,0,0,-1,0,0,0.0,-0.6871083887797571,0.312880010413808,0.1977851184730433,0.0473186119873818,0.0381488430268919,1.936718887080788,0.0,0.0
2024-07-02,16.55,16.6,-0.0187285055763313,0.0,-0.0187285055763313,8.439231649946526,-0.0030165935394256,16.173000000000002,16.00616,15.903106666666666,1,2,7,16.27970764292963,16.00490684131936,68.78612716763013,0.1945067749058004,0.1113578551888764,16.67446237845832,15.337857621541684,0.0160042862065283,0.0123891089387721,0.0153781571552383,221258.0,1.627526752948463,0,0,-1,0,0,-0.0185542168674698,-0.4913984490378774,0.3255017272885284,0.1966710073060699,0.0376175548589343,0.0408805031446541,2.084343916296695,0.0186102719033232,0.0
2024-07-03,16.55,16.55,0.0157119120369057,-0.0030165935394256,0.0157119120369057,-inf,0.0,16.232999999999997,16.041159999999998,15.92144,2,3,7,16.328851707851513,16.0400741418794,66.87116564417184,0.2056844099262065,0.1302231661363424,16.74727752831231,15.335042471687688,0.0160042862065283,0.0123392057441323,0.0150314753550731,221258.0,1.441233164728767,0,0,-1,0,0,0.0,-0.6618319552005437,0.3289395562754353,0.1958788186502036,0.034375,0.0441640378548897,2.1547479755473224,0.0,0.0
2024-07-05,16.54,16.55,-0.0006044122275267,0.0030165935394257,-0.003025720916537,inf,-0.0006044122275267,16.298000000000002,16.07366,15.946106666666669,4,5,7,16.367242306423964,16.072327423048474,68.55345911949689,0.2113001136040004,0.146438555629874,16.809684360009047,15.337635639990951,0.0158688201615512,0.0123551568513506,0.0148119375648804,193315.0,1.267186319741553,0,0,-1,0,0,-0.0006042296072508,0.3492914248455147,0.0411249617361731,0.1961320346272185,-0.0095808383233533,0.040906230333543,-1.2490513247607706,0.0060459492140266,0.0
2024-07-08,16.55,16.54,0.0006044122275268,-0.0030165935394256,0.0030257209165371,-3.2578460594271466,0.0006044122275268,16.389,16.11616,15.972773333333333,0,8,7,16.400470977983243,16.10314500865825,70.06369426751597,0.2140896237378413,0.1599687692514675,16.85946405027708,15.372855949722922,0.0143667038077204,0.0119155918079665,0.0147858095228641,194390.0,1.1673284972368418,0,0,-1,0,0,0.0006045949214027,-0.8991798547330767,0.0224345271409026,0.1891541558882284,-0.0030120481927711,0.0541401273885351,-1.741493666676985,0.0,0.0
2024-07-09,16.9,16.55,0.0,0.0209275201059558,-0.0069607256297311,3.778103497629562,0.0209275201059558,16.494,16.18116,16.011106666666667,1,9,7,16.491294436531742,16.154555008099653,75.13227513227515,0.2417555975038077,0.1763261349019355,16.96088509703599,15.401434902964006,0.015017147436232,0.0123917033989148,0.0151975107930543,241403.0,1.843829325829225,0,0,-1,0,0,0.0,2.1428772325179337,0.1570006157816984,0.1967121930840145,0.0180722891566262,0.0833333333333332,2.12542835321028,0.0275029585798816,0.0
2024-07-10,16.9,16.9,0.0209275201059558,0.0058997221271883,0.0278882457356868,-0.9622770963351353,0.0,16.589000000000002,16.2445,16.05944,2,10,7,16.565604538980516,16.20264823338355,75.13227513227515,0.260676168431516,0.1931961416078516,17.04240449237223,15.446595507627766,0.0151595125468235,0.0124184714024793,0.0146561032401614,241403.0,1.643053789686398,0,0,-1,0,0,0.0,0.1395137171276262,0.1502887306065096,0.1971371219671676,0.0211480362537763,0.081032674052657,2.22468396102395,0.0059171597633136,0.0
2024-07-11,17.19,16.9,0.0,0.0145987994211526,0.0,-1.1335703847737146,0.0170141974657302,16.708000000000002,16.309,16.10944,3,11,7,16.679130986438604,16.266348347358804,80.66037735849056,0.2956632121106963,0.2136895557084206,17.193507594207624,15.42449240579238,0.0155194158557804,0.0124236764917997,0.0147065923575381,247184.0,1.9920688205944377,0,0,-1,0,0,0.0,-0.6727039530417758,0.1681732438285555,0.1972197501985297,0.0386706948640482,0.0811320754716982,0.681214748024968,0.0203606748109366,0.0
2024-07-12,17.18,17.19,0.0058997221271883,-0.0023215332539206,0.0058997221271883,1.1991349661910395,-0.0005819028386486,16.756,16.368000000000002,16.17744,4,12,7,16.770198079813404,16.32529361527114,90.95744680851055,0.3189076114364297,0.2347331668540224,17.32052793853233,15.415472061467677,0.0088517069966795,0.0124514306731423,0.0128477231664955,228007.0,1.7049368677860373,0,0,-1,0,0,-0.0110529377545085,0.2264040865886785,0.1681036461486684,0.1976603341685773,0.0386940749697704,0.0737499999999999,0.6815503738450377,0.0122235157159488,0.0
2024-07-15,17.2,17.18,0.0111144753385418,0.0165559730884694,-0.0058997221271883,-0.9413451714011106,0.001163467263298,16.816,16.430500000000002,16.234106666666666,0,15,7,16.848343883483693,16.38172628525365,89.94082840236678,0.3350802022308237,0.2548025739293827,17.43040473230436,15.430595267695644,0.0083297775730763,0.0123654841516471,0.0123180445030422,235488.0,1.539146630952782,0,0,-1,0,0,0.00058207217695,-0.5977040248440947,0.1666635973747325,0.196295975437013,0.0392749244712991,0.0783699059561129,0.6738849178349517,0.0347267441860465,0.0
2024-07-16,17.7,17.2,-0.0023296457828091,0.011518056267866,0.014684551682921,1.2194255772444793,0.0286552557603761,16.926,16.5195,16.291106666666664,1,16,7,17.00319045012302,16.46677620233406,91.86602870813392,0.383818497557133,0.2806057586549327,17.63792887922978,15.401071120770222,0.0114329781333713,0.0134954824671304,0.0121254854238067,260813.0,2.110996992160941,0,0,-1,0,0,-0.002906976744186,0.5649644683199311,0.2104391799507225,0.2142341425851576,0.0473372781065088,0.1118090452261306,1.0325582342086776,0.0310734463276836,0.0
2024-07-17,17.7,17.7,0.0202027073175194,0.0,0.0202027073175194,-3.3011421282695403,0.0,17.041,16.607000000000003,16.351106666666666,2,17,7,17.129883095555197,16.546339027989927,91.6666666666666,0.4176297717010264,0.3080105612641515,17.808562141109576,15.40543785889043,0.0111918211424912,0.0135278476049888,0.0120230837107487,260813.0,1.8192983327365408,0,0,-1,0,0,-0.0112994350282485,-1.1228929982550673,0.2104391799507225,0.2147479232206875,0.0473372781065088,0.109717868338558,1.0325582342086776,0.0112994350282485,0.0
2024-07-18,17.85,17.7,0.0198026272961797,0.0084388686458648,0.0198026272961797,-2.233235014859253,0.0084388686458648,17.171,16.701999999999998,16.417773333333333,3,18,7,17.260813441817888,16.630446187474448,88.59060402684557,0.4513265845294221,0.3366737659172056,17.98268402775541,15.421315972244583,0.0109380138397429,0.0134856148385464,0.011983738802729,260913.0,1.79279193793342,0,0,-1,0,0,0.0084745762711865,-1.0861512500504755,0.1988806575334185,0.2140774988375785,0.0383944153577662,0.1191222570532917,1.8214522554073824,0.0,0.0
2024-07-19,17.85,17.85,-0.0186604227174028,0.0,-0.0341913647482794,3.871201010907891,0.0,17.302,16.8,16.483106666666668,4,19,7,17.36793827057827,16.70912707860513,94.96402877697815,0.4725838984601651,0.3638557924257975,18.118468010509662,15.481531989490335,0.0108889488820436,0.0133720465692989,0.012003572001692,260913.0,1.5927576424006138,0,0,-1,0,0,-0.0184873949579832,-0.6932971496997941,0.1974056878687363,0.2122746584540367,0.0389988358556461,0.1233480176211454,1.83951185129761,0.0336134453781513,0.0
2024-07-22,17.75,17.85,0.0402738991379399,0.0216134764205371,-0.0079912655680594,1.2380722530853645,-0.0056179923042233,17.422,16.9055,16.55144,0,22,7,17.43740403956404,16.776280170308024,88.59060402684536,0.4758757096770161,0.3862597758760412,18.169703098273647,15.641296901726353,0.0114984241752253,0.0126829141425835,0.0117668521270259,244358.0,1.3360195069181835,0,0,-1,0,0,0.0218487394957981,0.1275787967750192,0.2165278419453247,0.2013350203251608,0.0319767441860465,0.1349104859335037,1.5486350613796047,0.0635098591549294,0.0
2024-07-23,17.75,17.75,-0.0272314687247604,-0.0244185273481457,-0.0214226196382338,-0.2622555418971823,0.0,17.506999999999998,17.0005,16.623106666666665,1,23,7,17.494239668734213,16.8391008044817,91.6666666666664,0.4730316790386233,0.4036141565085577,18.215328989481524,15.785671010518476,0.0105280224526437,0.012647954709795,0.011626849920291,244358.0,1.233918529257159,0,0,-1,0,0,0.0,-0.1286787827139767,0.0799866831914011,0.2007800565343543,0.0028248587570622,0.1198738170347002,0.8365596239043207,0.0591549295774648,0.0
2024-07-24,17.75,17.75,0.0,-0.0028129413766147,0.0579872576503493,-6.233312083215964,0.0,17.592,17.0905,16.693666666666665,2,24,7,17.540741547146173,16.89786849451514,91.6666666666664,0.4654127755009831,0.4159738803070428,18.24273307218291,15.938266927817086,0.0105280224526437,0.0127118277815898,0.0116475203442297,244358.0,1.144733675714713,0,0,-1,0,0,0.0,-0.981778632548765,0.0799866831914011,0.2017940101150122,0.0028248587570622,0.1128526645768026,0.8365596239043207,0.0,0.0
2024-07-25,17.63,17.75,-0.0195130917508526,0.0,-0.0402353121918989,6.45796203702443,-0.006783519511646,17.636,17.172,16.751333333333335,3,25,7,17.556970356755958,16.945102785191583,85.16129032258047,0.4445670502164986,0.421692514288934,18.22584708767972,16.11815291232028,0.0101613410930419,0.0129955111432721,0.0115594694434849,228414.0,0.8691963100802182,0,0,-1,0,0,-0.0193239436619718,0.3033768612688333,0.0541379687915772,0.2062973438716008,-0.0123249299719889,0.1018749999999999,-0.6738747101864735,0.0397050482132727,0.0
2024-07-26,18.25,17.63,0.0195130917508526,0.0277795641070756,0.0328844167785076,0.3768353774073815,0.0345630836187217,17.743000000000002,17.2495,16.826333333333334,4,26,7,17.68297574643669,17.029289702275996,89.3518518518517,0.4726273275552444,0.4318794769421961,18.382218667166686,16.116781332833316,0.0143514277082694,0.0117262503026681,0.0129209205505937,251655.0,1.7665463261104175,0,0,-1,0,0,0.0068065796937039,0.9073526575880488,0.2760775050140208,0.1861484526729355,0.022408963585434,0.0928143712574851,2.0579563710672977,0.0345205479452054,0.0
2024-07-29,18.775,18.25,0.0277795641070756,0.0580104099966476,0.035130459520467,0.3431071317098004,0.0283611176216978,17.9005,17.358249999999998,16.9205,0,29,7,17.881525610720924,17.141916173096902,90.1498929336187,0.5311061507972248,0.4517248117132019,18.6366753266382,16.0798246733618,0.0158607920670083,0.01262883219913,0.0135697581739966,284409.0,2.2163985185205104,0,0,-1,0,0,0.0,1.4877273084002989,0.3028894878233651,0.2004764960883783,0.0577464788732393,0.131024096385542,0.5734229032143042,0.0580559254327563,0.0
2024-07-30,18.99,18.775,0.0402738991379399,-0.0072652109914124,0.0179206533571918,-2.3715910491189782,0.011386327173996,18.0295,17.47775,17.022833333333335,1,30,7,18.083066408771664,17.261147387735814,90.98039215686262,0.5880213980574922,0.47898412898206,18.89681742913139,16.058682570868612,0.0142717306432362,0.0125901010512112,0.0135366917934404,287466.0,2.1313293067767005,0,0,-1,0,0,0.0119840213049268,-0.7888889585076178,0.2860983283046262,0.1998616581760667,0.0698591549295772,0.1439759036144576,0.1471781392876347,0.0326487625065824,0.0
2024-07-31,18.97,18.99,-0.000526454342246,-0.0099451225333979,-0.0541868313415862,1.680334977861382,-0.0010537408772716,18.1565,17.598750000000003,17.1235,2,31,7,18.24432706172227,17.371395943365762,89.0350877192981,0.6243165758476437,0.5080506183551767,19.0953140471991,16.102185952800905,0.0143341046214899,0.0125169764255741,0.0135779187066092,271058.0,1.8325309933328504,0,0,-1,0,0,0.0,0.1936960499374143,0.2893604875955495,0.1987008407311639,0.068732394366197,0.1462235649546825,0.1558681488449529,0.0743278861360042,0.0
2024-08-01,19.35,18.97,0.0031545767485155,0.0177272629754529,0.0791681995286037,-2.702458840965755,0.0198336355288681,18.3065,17.73875,17.236833333333333,3,1,8,18.44535850504549,17.49904781798733,90.94339622641505,0.6759516402034897,0.5416308227248393,19.34227202814223,16.13522797185777,0.0149163003811277,0.0127336578632525,0.0137697574010059,272158.0,2.0096387473600523,0,0,-1,0,0,0.0042171850289932,-1.0048546650551466,0.2268547563419565,0.2021405519180899,0.0975609756097561,0.1691842900302116,-0.431721199955529,0.0155038759689922,0.0
2024-08-02,18.5,19.35,-0.0292963694884308,-0.0449216873915118,-0.0528804075854412,2.1495398625384823,-0.0449216873915118,18.3715,17.836750000000002,17.323833333333333,4,2,8,18.45529332230995,17.56362537811718,68.6781609195402,0.6408970423033296,0.5614840666405374,19.369824911480546,16.303675088519462,0.0222599918807004,0.0171718907119648,0.0164909919985652,262719.0,0.8652545221804933,0,0,-1,0,0,-0.0439276485788114,-0.2906386015600271,0.4520797556598981,0.2725953141878326,0.0136986301369863,0.1185006045949215,-1.466371708204908,0.0233081081081081,0.0
2024-08-05,18.49,18.5,-0.0207544314694457,0.0340096539405291,-0.0116231185389158,-0.2005176777765393,-0.0005406866852457,18.4455,17.93375,17.418833333333335,0,5,8,18.461603627344505,17.62339148275478,63.21070234113707,0.6053312229535948,0.5702534979031488,19.366218884570863,16.501281115429133,0.0220790661860826,0.0171918675093562,0.0160530290969528,254995.0,0.7766311799039717,0,0,-1,0,0,-0.0205405405405404,-0.4650614608436602,0.3907858692115419,0.2729124360151678,-0.0151797603195739,0.1172205438066464,-1.5277185554075692,0.0692266089778259,0.0
2024-08-06,18.5,18.49,0.059975144622727,0.005211059212752,0.0210534091978322,-1.3862943611198906,0.0005406866852456,18.5205,18.013749999999998,17.507166666666663,1,6,8,18.46858478600914,17.67994687096415,63.3333333333333,0.5713656240561811,0.5704759231337553,19.38033188654472,16.64716811345528,0.0220679856083814,0.0168309269774982,0.0160120345889066,256926.0,0.7116295112464018,0,0,-1,0,0,0.0405624661979448,-0.9701070424073032,0.3729756665645712,0.2671826827028901,-0.0258030542390731,0.0946745562130177,-1.3830773835945358,0.054054054054054,0.0
2024-08-07,18.465,18.5,-0.050090385390185,-0.0125524660711198,-0.0255427545604266,0.4829950011056845,-0.0018936837797525,18.592,18.092,17.591,2,7,8,18.467933006734743,17.730595459934207,60.65857885615246,0.5354510878937475,0.5634709560857537,19.36616185041508,16.81783814958492,0.0221176435956485,0.0168638278001707,0.0160639593428355,253796.0,0.5854829194242324,0,0,-1,0,0,-0.0108108108108107,-0.7639437370090884,0.3724651568182356,0.2677049670712149,-0.0266209804955191,0.0926035502958579,-1.354034550407815,0.0660709450311399,0.0
2024-08-08,19.0,18.465,0.0108696722369038,0.0,0.0377486602399303,-0.6679092479700826,0.028561930861914,18.729,18.1825,17.691,3,8,8,18.5646724600557,17.81249252703523,66.81286549707596,0.543888974514136,0.5595545597714302,19.443963227242374,16.921036772757617,0.0230221189663245,0.0175219643284861,0.0166418813982245,255401.0,1.2961138816342632,0,0,-1,0,0,0.0018954779312212,-0.8884391589733541,0.413692023840528,0.2781525605671149,-0.0180878552971577,0.1052937754508434,-0.7722152648372045,0.0282105263157895,0.0
2024-08-09,19.0,19.0,0.0187421818097406,0.0,0.0206900235683308,-0.3660646842885714,0.0,18.804,18.2735,17.767666666666667,4,9,8,18.64382292186375,17.889105912387794,68.82530120481923,0.544301689393194,0.556503985695783,19.49232644159757,17.05467355840243,0.0209628566729566,0.0175124043360856,0.0150494324456927,255401.0,1.1921303562265129,0,0,-1,0,0,-0.0078947368421051,-0.8494860479643487,0.2095424221049624,0.2780008003925504,0.0270270270270269,0.1059371362048893,2.2095778292570887,0.0078947368421051,0.0
2024-08-12,19.3,19.0,0.0235921820168199,0.0156661167443994,0.0235921820168199,-2.4096441652874536,0.0156661167443994,18.8565,18.3785,17.857666666666667,0,12,8,18.76312784516125,17.980131337395036,71.40883977900549,0.5623537971828476,0.5576739479931959,19.569439920708597,17.187560079291405,0.0196350447860035,0.0176401960904946,0.0150553229662723,255501.0,1.547517190374676,0,0,-1,0,0,0.0157894736842105,-0.8967605297663772,0.2123469210424551,0.2800294316031759,0.0438074634937806,0.1220930232558139,1.1031669104634156,0.0,0.0
2024-08-13,19.3,19.3,-0.0532040360634645,0.0,-0.0532040360634645,3.670206188848315,0.0,18.8875,18.4585,17.94766666666667,1,13,8,18.86074096422284,18.06528415433729,71.40883977900549,0.5700885961954505,0.5601568776336469,19.67227228420132,17.244727715798682,0.0194160331800815,0.0168108626623258,0.0150553229662723,255501.0,1.386586283033674,0,0,-1,0,0,-0.0518134715025906,-0.4306654729960785,0.2136837980359088,0.2668641715738522,0.0432432432432432,0.0903954802259887,1.1031498075991777,0.0518134715025906,0.0
2024-08-14,19.97,19.3,0.0532040360634646,0.0341260515168839,0.0301422173579361,-0.4121096508268329,0.0341260515168839,18.9875,18.572,18.061666666666664,2,14,8,19.062424425273228,18.188169047605857,78.0575539568345,0.6230991812201943,0.5727453383509563,19.90573792107213,17.238262078927868,0.0219613751011404,0.0180699685309036,0.0159022642673369,258101.0,2.096363877659276,0,0,-1,0,0,0.0,-0.589951302017071,0.2548043763155898,0.2868518575892054,0.0815055510425128,0.1282485875706214,0.0875880142799074,0.0555833750625938,0.0
2024-08-15,19.97,19.97,0.0341260515168839,0.0,0.0571878702224123,-4.867534450455582,0.0,19.0495,18.678,18.175666666666665,3,15,8,19.22743816613264,18.303125883244192,74.225352112676,0.6575308454849313,0.5897024397777514,20.103923154348024,17.252076845651978,0.0213812672115923,0.018113300320584,0.0159022642673369,258101.0,1.8121593664572213,0,0,-1,0,0,0.0,-0.8755562815487032,0.2439075137219637,0.2875397284253514,0.0510526315789472,0.1187675070028009,1.3790319557596982,0.0,0.0
2024-08-16,19.94,19.97,-0.0085492097272341,-0.0010020040918513,-0.0263840773632685,5.498192290922892,-0.0015033828940313,19.1935,18.7825,18.289,4,16,8,19.356994863199432,18.40873066497037,69.06710310965633,0.6746208292195846,0.606686117666118,20.25838510464257,17.306614895357427,0.0138301408971562,0.0181416362958763,0.0159167483483926,253216.0,1.568550283973933,0,0,-1,0,0,-0.0085127691537305,-0.3362412294223607,0.2480253096128266,0.2879895480880303,0.0494736842105263,0.1170868347338935,1.3495711367513183,0.025075225677031,0.0
2024-08-19,19.94,19.94,0.005037794029957,-0.0005013788021801,-0.0124160932839898,-0.0977697014377018,0.0,19.3385,18.892,18.402,0,19,8,19.46299579716317,18.507522234972285,66.72535211267609,0.6803224309579079,0.621413380324476,20.37030414931952,17.413695850680483,0.0137957659936882,0.0180005143769248,0.0159246850301672,253216.0,1.4178408421330777,0,0,-1,0,0,-0.0020060180541626,-0.3269446294711211,0.2493323978947065,0.2857493070755164,0.033160621761658,0.1233802816901408,2.2263484089918504,0.0366098294884654,0.0
2024-08-20,19.96,19.94,-0.0197925770954267,0.0010025063496255,-0.006266339042809,1.1140678544701008,0.0010025063496255,19.4845,19.0025,18.504,1,20,8,19.55336019767896,18.6012304778773,67.42957746478874,0.6786319772661891,0.6328570997128187,20.451479677312182,17.553520322687817,0.0137700066902984,0.0179843433109351,0.0157024902858683,266713.0,1.3216196403473857,0,0,-1,0,0,-0.0215646940822467,0.6965330084030874,0.2477455712976324,0.2854925993612544,0.0341968911917098,0.1245070422535212,2.217596231161504,0.0435871743486974,0.0
2024-08-21,20.0,19.96,0.0233039927927039,0.0020020026706729,0.0005236973149279,-2.4531857358113904,0.0020020026706729,19.638,19.115,18.607333333333333,2,21,8,19.6345674344646,18.69147367285296,62.99999999999997,0.6727647331799034,0.6408386264062357,20.502610593032248,17.727389406967756,0.0135210618611786,0.0179544887095163,0.0156817355916749,267874.0,1.27557400389409,0,0,-1,0,0,0.0005010020040079,-0.7106228945871821,0.0207373237486249,0.2850186722561835,0.0015022533800701,0.1267605633802817,-0.1181579402862686,0.0449999999999999,0.0
2024-08-22,20.0,20.0,-0.0010020040918513,0.0,0.0112661409654629,0.065829676901191,0.0,19.738000000000003,19.2335,18.701,3,22,8,19.7010097191074,18.77589472621728,95.4545454545455,0.6605010549564021,0.644771112116269,20.48528651282269,17.981713487177313,0.011504699508182,0.0177614624537731,0.0155636595564762,267874.0,1.224649718060309,0,0,-1,0,0,-0.0025,-0.6278111288390331,0.0207373237486249,0.2819544754409696,0.0015022533800701,0.1344299489506524,-0.1181579402862686,0.0341799999999999,0.0
2024-08-23,20.0,20.0,0.0025031302181184,0.0,0.0347777975359439,-inf,0.0,19.838,19.321,18.795,4,23,8,19.7553715883606,18.854869260009718,96.0365853658538,0.6433656825025871,0.6444900261935327,20.527144793612475,18.114855206387528,0.011504699508182,0.0164650489529684,0.0155565987767663,267874.0,1.1259013073651878,0,0,-1,0,0,0.0,-0.7037264043543487,0.0142288309795473,0.261374549124354,0.0030090270812437,0.095890410958904,1.2564745113051403,0.0,0.0
2024-08-26,19.73,20.0,-0.0465676358163347,-0.0005001250416823,-0.0518197487297965,inf,-0.0135919535194669,19.881,19.36875,18.87933333333333,0,26,8,19.750758572295037,18.911329307751025,82.36842105263167,0.6010702689561214,0.6358060747460504,20.55939721453261,18.178102785467388,0.0122158502699042,0.0159193223000216,0.0159139233308169,246668.0,0.6068128251436941,0,0,-1,0,0,-0.0455,2.7607978434340046,0.1020335573677188,0.2527114070792519,-0.010531594784353,0.0508655126498003,-2.1414254268509967,0.0506842372022301,0.0
2024-08-27,19.89,19.73,0.0344950545820656,0.0,-0.0153890009636535,-1.0254782347923503,0.0080767728313567,19.94,19.41375,18.952333333333332,1,27,8,19.77607519551412,18.97446935241225,85.18518518518529,0.5738465658190783,0.623414172960656,20.612129937117103,18.215370062882897,0.0123170212994709,0.0158389120793985,0.0152538554693735,254273.0,0.7948230527718885,0,0,-1,0,0,0.0015205271160669,0.4145497883726947,0.1254327193193298,0.2514349343994337,-0.003507014028056,0.04739336492891,-1.1909225831415104,0.0648567119155354,0.0
2024-08-28,19.99,19.89,-0.0261486315859286,0.0,0.0289875368732524,-0.930527025944384,0.0050150556464278,19.942,19.46475,19.028666666666663,2,28,8,19.814970614511548,19.039987458708232,81.13207547169822,0.5539550996482454,0.6095223582981739,20.67040978879465,18.259090211205343,0.0055821079898628,0.0158267357675488,0.0152359070319098,257272.0,0.8713071546080374,0,0,-1,0,0,-0.0321769733534439,-0.2808911106870534,0.1312084934147237,0.2512416414411911,-0.0005,0.0537691091196625,-1.2843209680887424,0.0370185092546272,0.0
2024-08-29,19.95,19.99,0.0357180826020792,-0.0020030051764362,0.0357180826020792,-1.7914260803268174,-0.0020030051764362,19.94,19.49475,19.098666666666663,3,29,8,19.839521411873086,19.098697945243188,79.14110429447865,0.5288668557862195,0.5933912577957831,20.718116687723743,18.271383312276257,0.0056223754881717,0.015318551151624,0.0152540221365208,256772.0,0.7442576368448609,0,0,-1,0,0,-0.00200100050025,-0.7443469463078242,0.1319059236748757,0.2431744607581157,-0.0025,0.0310077519379843,-1.0282177473503111,0.0,0.0
2024-08-30,19.95,19.95,0.0,0.0,0.0,-inf,0.0,19.941,19.56725,19.16866666666667,4,30,8,19.859608427896163,19.153620658453303,74.43609022556402,0.5031838515548728,0.575349776547601,20.71171712491036,18.42278287508964,0.0056003534873411,0.0109743715763661,0.0152540221365208,256772.0,0.6688702395535848,0,0,-1,0,0,0.0,-0.7563062268483508,0.1319059236748757,0.1742127479176838,-0.0025,0.0783783783783782,-1.0282177473503111,0.0,0.0
2024-09-03,20.0,19.95,-0.0346796609095973,0.0025031302181184,-0.0346796609095973,inf,0.0025031302181184,19.947,19.64275,19.24366666666667,1,3,9,19.88513416827868,19.20822577726277,75.36231884057983,0.4813161547746993,0.5565430521930207,20.682423405197166,18.603076594802832,0.0056529882385929,0.0109314790252074,0.0151526910945455,257072.0,0.6872350455713547,0,0,-1,0,0,-0.0340852130325814,-0.6307796145023123,0.0635492553876291,0.1735318497769068,0.0136847440446021,0.081665765278529,0.2717975348611293,0.0365,0.0
2024-09-04,20.0,20.0,0.0371827911277159,0.0,0.0371827911277159,-inf,0.0,19.951,19.71775,19.31866666666667,2,4,9,19.90601886495528,19.2593079851813,52.11267605633813,0.4586982595221478,0.5369740936588461,20.61729652318211,18.818203476817896,0.0056483196340377,0.0109411217864003,0.0151526910945455,257072.0,0.6275384156931675,0,0,-1,0,0,0.0,-0.6632010222214266,0.0430664759379789,0.1736849238653163,0.0055304172951231,0.0810810810810811,0.6324420285757829,0.0,0.0
2024-09-05,20.2,20.0,-0.0100503358535014,0.009950330853168,-0.0100503358535014,inf,0.009950330853168,19.971,19.8045,19.40033333333333,3,5,9,19.95946998041796,19.31999779258896,62.63736263736276,0.4517047716801485,0.5199202292631065,20.50881676486064,19.100183235139365,0.0064402335249143,0.0109293931092185,0.0151694385656808,278917.0,1.123074218113368,0,0,-1,0,0,-0.0099999999999999,2.5969968354730346,0.0745482047735422,0.1734987368871318,0.0105052526263131,0.0939615488762524,1.6307633492201197,0.0198019801980197,0.0
2024-09-06,20.19,20.2,0.0100503358535015,-0.0004951720824128,0.0044345970678657,-0.8472063104466472,-0.0004951720824128,19.99,19.864,19.485666666666667,4,6,9,20.001384529432872,19.37612696726064,64.04494382022483,0.4402801897904957,0.5039922213685845,20.47733943551552,19.250660564484484,0.0064507900881711,0.0093343278019443,0.0150527335695951,269554.0,1.063032901923204,0,0,-1,0,0,-0.0099009900990098,0.6703042460215164,0.0699526444719865,0.1481778601194054,0.01203007518797,0.0626315789473686,1.88223586417799,0.0149578999504705,0.0
2024-09-09,20.45,20.19,-0.0050125418235443,0.0127954501640645,0.0006031969620912,-2.110133101023386,0.0127954501640645,20.035,19.9365,19.559000000000005,0,9,9,20.082950978626894,19.445409098405115,72.17391304347834,0.4470526092240661,0.4926042989396808,20.455335741170934,19.417664258829067,0.0074454904219146,0.0095520926647307,0.0140077596731052,270689.0,1.97943186736174,0,0,-1,0,0,-0.0143635463100546,-0.5491575389009715,0.0967138586416555,0.1516347701467303,0.0250626566416041,0.0763157894736841,0.5847084351074976,0.0268948655256724,0.0
2024-09-10,20.4,20.45,0.0063616313928399,0.0155267553992103,0.0,2.562438583571041,-0.0024479816386401,20.102,19.9915,19.613166666666665,1,10,9,20.140596255240183,19.50699560818543,68.64406779661019,0.4432754152278697,0.4827385221973186,20.45667795123629,19.52632204876371,0.0053812610742271,0.0092040092736647,0.0132345898189979,255971.0,1.756317120853797,0,0,-1,0,0,-0.020684596577017,1.3076782494312198,0.1101407875190972,0.1461091176170947,0.02,0.0569948186528497,0.6241867704573245,0.0426470588235294,0.0
2024-09-11,20.31,20.4,0.032569128634165,-0.0038591461305692,0.0005023863456583,0.4194538665247059,-0.0044215252578773,20.144,20.042,19.657166666666665,2,11,9,20.1713969361056,19.55880234314121,62.60162601626018,0.428085016339363,0.4718078210257276,20.397444865812105,19.68655513418789,0.0056049218077429,0.0093270703451732,0.013196161200299,233583.0,1.507969453364786,0,0,-1,0,0,0.0142156862745099,2.0060949665823014,0.1238085485940972,0.1480626515648027,0.0154999999999998,0.0523316062176164,0.5433855098567341,0.0384047267355982,0.0
2024-09-12,20.39,20.31,-0.015096463962873,-0.0146059071710878,0.0193987679716367,-0.9129685807935908,0.0039312089940706,20.184,20.063,19.7045,3,12,9,20.211142947722763,19.612427998422422,64.88549618320619,0.4176870113259809,0.4609836590857782,20.448860623869862,19.677139376130132,0.0055521885911266,0.0055040920864648,0.0131835363562826,242568.0,1.694912513852605,0,0,-1,0,0,0.0034465780403742,0.2753198289210161,0.1091537430689901,0.0873747531239083,0.0094059405940594,0.0210315473209816,1.266487690618014,0.0044139283962726,0.0
2024-09-13,20.5,20.39,0.0009808730555918,0.0622676759600499,0.0049140148024289,0.3726950711526237,0.0053803015579986,20.239,20.0895,19.742833333333333,4,13,9,20.26366241177317,19.669690708201625,67.60563380281697,0.4135553890354266,0.4514980050757079,20.518818922064607,19.660181077935395,0.0054521385703827,0.0055812881270638,0.0127766641997328,255611.0,1.912331271241875,0,0,-1,0,0,0.0004904364884746,0.7121243012927718,0.109044667241911,0.088600202277651,0.0153541357107478,0.0265398097145719,0.4750621162706346,0.0634146341463414,0.0
2024-09-16,19.56,20.5,0.0389378677264204,0.0091743762760412,-0.0420482362434993,-0.3159077148308472,-0.0469382215376912,20.2,20.070500000000003,19.778166666666667,0,16,9,20.13572379145077,19.66261388831765,45.93301435406694,0.330619726112225,0.4273223492830114,20.55744428515254,19.583555714847467,0.0163666314345804,0.0119458754836349,0.0130179884267614,246101.0,-2.09674911716066,0,0,-1,0,0,0.0346341463414634,0.2319080742729289,0.3364039912171833,0.1896348943358484,-0.043520782396088,-0.0190571715145437,-2.026146304584461,0.1196319018404908,0.0
2024-09-17,20.94,19.56,-0.0009433962963833,-0.0329572645422472,0.0558012674755298,-0.3355683340129764,0.0681745408357195,20.294,20.1205,19.85983333333333,1,17,9,20.28195582936881,19.745025895522964,65.86102719033235,0.3719593665443348,0.4162497527352761,20.738696868660515,19.502303131339485,0.0282266679620863,0.0199552101648263,0.0180491528349239,252900.0,2.6512589808992844,0,0,-1,0,0,0.0833333333333334,-0.1304390250346949,0.662595372156768,0.3167791407369523,0.0264705882352942,0.0501504513540622,0.7449541587673234,0.0242359121298949,0.0
2024-09-18,21.2,20.94,-0.0185763855729354,0.0004718093977589,-0.04613444073507,0.2232906209519481,0.0123399762355758,20.414,20.1825,19.94983333333333,2,18,9,20.448872951301755,19.838895192586,67.43515850144094,0.420849861281237,0.4171697744444683,20.96088902464309,19.404110975356904,0.0282575202673223,0.0200689455077133,0.0180937849007429,261400.0,2.6143739641409915,0,0,-1,0,0,-0.0066857688634193,0.121856133823503,0.6568025910202498,0.3185846333322987,0.0438207779419006,0.0621242484969939,0.3650965148826404,0.0683962264150943,0.0
2024-09-19,20.8973,21.2,0.0358867593335239,0.0168385643628295,0.0299274205414732,-0.3353904690016694,-0.01438121765538,20.48373,20.227365,20.03091,3,19,9,20.53040514197416,19.90717937370948,62.68920620462403,0.430211361587574,0.4197780918730894,21.06281009731771,19.39191990268229,0.0289294940205412,0.0204469670374275,0.0183884775454171,255322.0,1.603779834607694,0,0,-1,0,0,0.0169811320754716,-0.2299299089193977,0.6785262337267803,0.3245855390794108,0.0248798430603236,0.0448650000000001,0.6896022324059591,0.0579022170328222,0.0
2024-09-20,20.4,20.8973,-0.0621912472202589,-0.0479788050985527,-0.0273989741881145,0.1420912302806937,-0.024085063172416,20.50473,20.247365,20.077576666666666,4,20,9,20.50669511616068,19.938974252825,55.31914893617021,0.3929725215245874,0.4144169778033891,21.07903528202324,19.41569471797676,0.0302208363688289,0.0212693643039143,0.0184700692477332,248316.0,0.3670565205929398,0,0,-1,0,0,-0.030496762739684,-0.148106013529593,0.7101216511127089,0.3376406909555512,-0.0048780487804879,0.02,1.1399876613287654,0.0367647058823529,0.0
2024-09-23,19.6,20.4,-0.0029658944133783,0.0168882180285215,-0.0101523714640179,0.736238935220654,-0.040005334613699,20.41973,20.227365,20.097576666666665,0,23,9,20.34184145867692,19.91710494619113,45.9839357429719,0.2955008089792343,0.3906337440385581,21.1022003740475,19.3525296259525,0.0324385237861625,0.0231136635337916,0.0199815371337861,233687.0,-1.4342469877445416,0,0,-1,0,0,-0.0098039215686274,0.798824572407343,0.6843266286374268,0.3669180335882104,0.0020449897750511,-0.0199999999999999,1.3058557202147876,0.0663265306122447,0.0
2024-09-24,20.99,19.6,0.0162046266236831,0.0042969748617763,0.0463576647943706,-1.936317912507974,0.0685165675960699,20.47873,20.290365,20.15391,1,24,9,20.459688466190205,19.98632398192074,57.77080062794349,0.3266497429225694,0.3778369438153605,21.1953466078972,19.385383392102803,0.0401506747273879,0.0278808829087857,0.0235782016010587,235797.0,1.546186118910546,0,0,-1,0,0,0.0474489795918367,-0.8496587894505091,0.6866679253542786,0.44259529505735,0.0023877745940781,0.0638621388748097,1.3114760229366489,0.0219151977131966,0.0
2024-09-25,19.83,20.99,0.0396327830611517,0.0174738802594525,-0.0427925986298745,3.240368316170384,-0.056850191300837,20.43073,20.287365,20.171576666666667,2,25,9,20.34519965415562,19.97623856373231,47.47612551159617,0.2547960616197997,0.3532287673762483,21.1983129649479,19.376417035052096,0.0442813024197809,0.0307758740234766,0.0258731572219398,181901.0,-1.0041517575071512,0,0,-1,0,0,0.0176274416388757,3.546505870619296,0.7789754642032606,0.4885518542806317,-0.0646226415094339,-0.0030165912518854,1.6812273721764717,0.0852244074634391,0.0
2024-09-26,20.25,19.83,-0.0662878655796854,-0.0270479122220725,0.0086054694557588,-0.459079398965077,0.0209588510208435,20.41673,20.300365,20.18091,3,26,9,20.327890626127328,19.99390059187861,50.3875968992248,0.2291010570478846,0.3284032253105756,21.200805199423293,19.399924800576706,0.0448494153498488,0.0311166936721315,0.0253823566378996,215956.0,-0.1118675066534272,0,0,-1,0,0,0.0080685829551185,1.6790325370119268,0.8132985563187849,0.4939621984742242,-0.0309752934589636,0.013006503251626,0.896191380034646,0.0469135802469135,0.0
2024-09-27,20.4,20.25,0.0129226450402396,-0.0189372010197508,0.0130197132083034,-2.605704061141579,0.0073801072976224,20.40673,20.322865,20.19524333333333,4,27,9,20.3410014213769,20.02010055369289,49.672346002621225,0.2183246169183483,0.3063875036321302,21.208815114492367,19.436914885507637,0.0448797964092474,0.0311384379381484,0.0254105994289831,218471.0,0.1741294430425018,0,0,-1,0,0,0.0,-0.7063884271383448,0.7984677006718582,0.4943073779961572,0.0,0.0225563909774435,0.3502514738244855,0.014705882352941,0.0
2024-09-30,21.8,20.4,0.0737551762424952,0.0663750689448728,0.0438026226583928,3.479813778249948,0.0663750689448728,20.63073,20.415365,20.25724333333333,0,30,9,20.606273890217462,20.13493277603529,57.79510022271716,0.3190744189032557,0.3089248866863553,21.501166729066007,19.329563270934,0.0463456444331431,0.0345504838147223,0.0282390392966455,300092.0,2.550438008955924,0,0,-1,0,0,0.0686274509803922,3.261464198891256,0.8229093316370956,0.5484719271043054,0.1122448979591836,0.092731829573935,-0.7909344692011195,0.036697247706422,0.0
2024-10-01,21.6,21.8,0.0022909517465557,0.0022909517465557,0.0176527923792818,-1.4232970289779712,-0.0092166551049239,20.69673,20.495365,20.312576666666665,1,1,10,20.78695136472338,20.22945324209753,57.09570957095711,0.3784188572799962,0.3228236808050835,21.68327937096176,19.307450629038243,0.0417565066790616,0.0346933342843916,0.0283261852648471,280428.0,1.8597889326074424,0,0,-1,0,0,0.0022935779816514,0.1398412952759395,0.7159675032620554,0.5507396080087884,0.0290614578370653,0.08,0.0097392919392494,0.0220370370370371,0.0
2024-10-02,21.74,21.6,-0.0140107370695984,-0.0050470398485358,-0.0011234904280712,-0.5495718088962673,0.0064605670029438,20.75073,20.582365,20.37191,2,2,10,20.96023293477367,20.326907871639627,57.377049180327866,0.4317694131902101,0.3446128272821088,21.86834342541475,19.29638657458525,0.0416638008456127,0.0346801541061329,0.0283301867153186,291778.0,1.8003956786858888,0,0,-1,0,0,-0.0025,-0.3139145072431817,0.4730819149010256,0.5505303791653392,0.0963187090267272,0.0869999999999999,1.5328945911561862,0.0179392824287027,0.0
2024-10-03,21.62,21.74,0.0086876701686591,0.0027560881019799,0.0102517207264314,-1.9050811061017487,-0.005535069482001,20.823,20.653365,20.42591,3,3,10,21.08019058299664,20.41033317024352,56.11353711790394,0.4590751830550204,0.3675052984366911,22.005550819175596,19.30117918082441,0.0413443175295797,0.0347299301256984,0.0283747134548586,290089.0,1.4297369285966082,0,0,-1,0,0,-0.0002759889604414,-0.7476695032084736,0.5020757511492653,0.5513205489794893,0.0676543209876543,0.0702970297029703,1.944544827768864,0.0106382978723404,0.0
2024-10-04,21.95,21.62,0.0112550943348153,0.0091324835632724,0.0055478644377179,1.8479745178169928,0.0151483273101179,20.978,20.741365,20.49091,4,4,10,21.23833774972452,20.509666514098782,63.97660818713453,0.501561752800324,0.3943165893094177,22.19207125453535,19.290658745464647,0.0402394750893633,0.0348020577463833,0.0284561155423142,300809.0,1.6662711644365455,0,0,-1,0,0,0.0166512488436632,-0.2941013002724849,0.4990951832150434,0.5524655394614363,0.0759803921568627,0.0871718672610202,1.732646527094006,0.0141230068337129,0.0
2024-10-07,24.05,21.95,-0.0041989762592223,0.1055877625625651,0.0090826478774698,0.3479334903079221,0.0913678570305899,21.423,20.921365,20.62591,0,7,10,21.749549067956423,20.73807512609241,66.7745415318231,0.6966545153893762,0.4547841745254094,22.98410604941653,18.85862395058347,0.044958657381863,0.0403078101815549,0.0330426621664044,315990.0,3.0334733493425863,0,0,-1,0,0,-0.0028291571753986,-0.1052846996024309,0.684279167437777,0.6398666498039507,0.1032110091743119,0.1760391198044011,1.961992989685396,0.1065322245322245,0.0
2024-10-08,26.26,24.05,0.1261186268038221,0.1156667328813269,0.1090589116886157,0.7712067015520153,0.0879118723228798,21.95,21.214365,20.843576666666664,1,8,10,22.56963105560071,21.09432834376387,72.54901960784316,1.0178621839091235,0.5673997764021522,24.35067192058445,18.07805807941555,0.0479095208800103,0.0442389797587798,0.0362682397623127,348817.0,3.2175645609708083,0,0,-1,0,0,0.0324324324324323,0.7464693715296449,0.7775550050176607,0.7022720321817107,0.2157407407407408,0.2872549019607844,0.5082602202258351,0.1156930693069306,0.0
2024-10-09,28.0,26.26,0.055994269354575,0.0539638629790509,0.0726731046327639,-0.3814317479108344,0.0641576413005537,22.767000000000003,21.598865,21.11391,2,9,10,23.556970863673307,21.53985554739201,78.05772163099556,1.3967244634170903,0.7332647138051398,25.927306108115214,17.270423891884782,0.040507405027111,0.0455273266367279,0.0376795008124009,371234.0,2.9577091798702178,0,0,-1,0,0,0.0,0.2177231304295328,0.7256188954594279,0.7227239048303326,0.2879484820607176,0.3786312161496801,-0.4716284710172567,0.0971428571428571,0.0
2024-10-10,26.7,28.0,0.0871065742860982,-0.0111073686205104,0.016997576368571,-1.800946385440453,-0.0475409447690001,23.412,21.914365,21.337576666666667,3,10,10,24.1284307066418,21.87276809272156,73.4026745913819,1.5739330930781217,0.9013983896597362,26.76068927669081,17.06804072330918,0.0481428101251702,0.0476403050463399,0.0391562786260721,367532.0,1.9749545126467465,0,0,-1,0,0,0.0232142857142856,-0.7133455113180578,0.9544806355660848,0.7562663972152265,0.2349676225716928,0.3094654242275625,-1.0110005872267642,0.0730337078651685,0.0
2024-10-11,25.74,26.7,-0.0593165771564195,-0.0593165771564195,-0.0904903531783749,1.5338826898031956,-0.0366173632382233,23.946,22.176365,21.53057666666667,4,11,10,24.421443305434195,22.1222669254492,72.54038179148311,1.6182540069939932,1.0447695131265875,27.261425782651845,17.09130421734815,0.0520988779001804,0.0489415174169458,0.040009020021964,350369.0,1.4016095981222758,0,0,-1,0,0,0.0112359550561798,-0.0458336695209267,1.1100155951126065,0.77692250322825,0.1726651480637813,0.255609756097561,-0.5086380942061436,0.1013986013986013,0.0
2024-10-14,24.6,25.74,-0.0571584138399486,-0.0571584138399486,0.0085732307104883,-1.6712029908846766,-0.0452997592296633,24.226,22.428365,21.685576666666663,0,14,10,24.453908158991613,22.282120672194413,63.50037397157818,1.5435965577030757,1.1445349220418852,27.46681329549949,17.389916704500507,0.0537341020682662,0.0488443870715749,0.0411638911164492,347142.0,0.8620253191601779,0,0,-1,0,0,-0.0093240093240092,-0.7259588418989912,1.066262271606734,0.7753806067965945,0.0228690228690229,0.2576687116564418,0.6755563427851362,0.0365853658536584,0.0
2024-10-15,25.0,24.6,-0.0395972546243591,0.012277266167232,-0.0036652453982959,0.113262279100212,0.0161293819298834,24.566,22.631365,21.85224333333333,1,15,10,24.5531975846295,22.457467725601227,70.49960348929423,1.499422242073976,1.2155123860483037,27.743933867645865,17.518796132354133,0.0531445012182142,0.0469273451234174,0.0411793879460934,350756.0,0.9265928973552048,0,0,-1,0,0,-0.0036585365853658,-0.6950499233213663,0.7807151859344771,0.744948509310374,-0.047981721249048,0.1938872970391594,1.126199424884764,0.0521999999999999,0.0
2024-10-16,25.0,25.0,0.0261742342922184,-0.0257002864993726,0.0197946273281794,-0.4445419467197975,0.0,24.892,22.821365,22.01891,2,16,10,24.634434387424136,22.62150206588502,69.48318293683349,1.447725302568852,1.2619549693524132,27.9920686684016,17.6506613315984,0.0533122548086672,0.0469747273060333,0.0411793879460934,350756.0,0.8426841450279717,0,0,-1,0,0,0.0064,-0.7370517117905698,0.4515248504691073,0.7457006781410362,-0.1071428571428571,0.179245283018868,0.7077443403718003,0.0064,0.0
2024-10-17,24.94,25.0,-0.006379606964039,-0.006379606964039,-0.0161293819298835,1.167940786941229,-0.0024028846163103,25.224,23.0235,22.176910000000003,3,17,10,24.68999177152884,22.77108257776341,68.76033057851242,1.3859373835540865,1.286751452192748,28.193581033672256,17.853418966327748,0.0531857593254934,0.0467353839233097,0.0412236030860505,343306.0,0.7413810296272006,0,0,-1,0,0,0.0,-0.4886426293660583,0.4080607751189777,0.741901219729223,-0.0659176029962546,0.1934556138831331,-0.2966727114914543,0.016038492381716,0.0
2024-10-18,24.96,24.94,-0.0024028846163103,-0.0004000800213398,-0.0085732307104882,-0.1074506925907882,0.0008016032493365,25.525,23.2515,22.33591,4,18,10,24.73908417670541,22.912303056617382,64.73880597014926,1.3233293286729513,1.2940670274887889,28.335921097306716,18.167078902693287,0.0533929640675342,0.046121655303864,0.0412152246718999,349997.0,0.6720529111583684,0,0,-1,0,0,0.0,-0.5250772027155135,0.3599668570438691,0.7321585799320053,-0.0303030303030301,0.2235294117647059,-1.6076213165160007,0.0240384615384614,0.0
2024-10-21,24.5,24.96,-0.0218898079527342,-0.0198026272961796,-0.0040055514963719,0.4119700842451809,-0.0186014259505456,25.57,23.4965,22.47091,0,21,10,24.695614326395336,23.01473511748078,63.20582877959927,1.2225016010176724,1.2797539421945654,28.304796667439103,18.688203332560896,0.0456777511853153,0.0451515442792552,0.0414802642014455,339895.0,0.4174035295265846,0,0,-1,0,0,-0.0224358974358975,-0.3447903866689893,0.1956502195564991,0.7167585448405824,-0.0040650406504065,0.25,-0.1331244440549741,0.008469387755102,0.0
2024-10-22,24.8,24.5,0.004089985251525,0.0133794819693938,0.0085054568192241,1.0265885538982071,0.0121705356202551,25.424,23.687,22.617576666666665,1,22,10,24.714593539778,23.12991349699815,63.73429084380612,1.1535054998516507,1.2545042537259827,28.377627160401424,18.99637283959858,0.0338148654042456,0.0429874650296525,0.0414534095283733,368095.0,0.4745634056767578,0,0,-1,0,0,0.0,0.4850121491611028,0.1745966090433024,0.6824048517692785,-0.008,0.1815150071462603,-0.6759784651534583,0.0133064516129031,0.0
2024-10-23,26.75,24.8,0.0198026272961797,0.1010419005871073,0.0198026272961797,-0.1400775950250944,0.075690820171079,25.299,24.033,22.83224333333333,2,23,10,25.084667441636544,23.363467464933755,69.77640709329222,1.241858919167715,1.2519751868143294,28.54312008242525,19.522879917574752,0.0368122171838251,0.0428402379935297,0.0433696258007981,392609.0,1.2048459687747262,0,0,-1,0,0,0.0076612903225805,0.4101373155193187,0.5979165450075041,0.6800676950262031,0.07,0.3489662128088755,1.7642159025594448,0.0927102803738317,0.0
2024-10-24,28.94,26.75,0.0736505417609324,0.0542013298792915,0.0705789146425862,0.4481097043663923,0.0786902478613223,25.523000000000003,24.4675,23.117243333333334,3,24,10,25.785636997702625,23.72324375751868,73.56709372892786,1.4716302998949082,1.2959062094304452,29.115360288687555,19.819639711312448,0.0423115684340445,0.0453101276208587,0.0452790133606094,430982.0,1.9245414974652475,0,0,-1,0,0,0.0056074766355139,1.1355448334926457,0.7344917606380746,0.7192759773443456,0.160384923817161,0.4291358024691358,0.3541156008241224,0.0754146510020732,0.0
2024-10-25,28.78,28.94,0.0730984345955444,0.0,0.0431498506857567,-0.4355431601392867,-0.005544019744116,25.827,24.8865,23.39324333333333,4,25,10,26.330066634483966,24.04948609574328,68.34755624515128,1.622116363998611,1.3611482403440784,29.50121912813552,20.27178087186449,0.0397459810307112,0.0455752868860711,0.0453836585193711,406158.0,1.6874266415313075,0,0,-1,0,0,0.0,0.3551768998681593,0.7520665638994151,0.7234852501858061,0.1530448717948718,0.4107843137254903,0.3803299415189595,0.0347463516330785,0.0
2024-10-28,28.85,28.78,-0.005544019744116,0.0085837436913914,-0.0136643621940578,-0.768507827213154,0.0024292914948867,26.252,25.239,23.70291,0,28,10,26.78823633730506,24.359196670211453,62.04651162790697,1.727116939988708,1.4343419802730044,29.93730831817501,20.54069168182499,0.0348494425574574,0.044109138878126,0.044086163225103,417669.0,1.5371490142659032,0,0,-1,0,0,0.0,-0.3012045000138143,0.6788791387194246,0.7002108721003927,0.1775510204081634,0.323394495412844,0.5146890074062686,0.0564991334488734,0.0
2024-10-29,28.5,28.85,0.0009029973176366,0.0085106896679086,0.0158049266931688,-0.4212258756426599,-0.0122059056795037,26.602,25.584,23.95491,1,29,10,27.09946609415869,24.626345272133296,52.67094017094017,1.7617798762773766,1.4998295594738789,30.169177032684075,20.998822967315924,0.036016128026697,0.0441993248878138,0.04299694263763,410115.0,1.2719247170672614,0,0,-1,0,0,-0.0015251299826689,-0.6074706998274222,0.7466111844990032,0.7016425306206202,0.1491935483870967,0.3194444444444444,0.5570024547535524,0.0505263157894737,0.0
2024-10-30,28.25,28.5,-0.0106796115022534,-0.0344861760711693,0.0,0.053732731155521,-0.0088106296821549,26.927,25.9095,24.18991,2,30,10,27.308654077038923,24.8601294481247,59.326113116726845,1.7489171639533687,1.5496470803697768,30.264182778947752,21.55481722105225,0.0364918732224484,0.0444821349259105,0.0431499909246647,402144.0,1.0749347857505929,0,0,-1,0,0,0.0,-0.5500433709020641,0.6296699404350328,0.7061320007950798,0.0560747663551401,0.2994480220791169,2.1354879353147744,0.015575221238938,0.0
2024-10-31,28.62,28.25,-0.0088106296821549,0.014871327753583,-0.0021405644991108,-0.4831113670159839,0.0130123165358549,27.295,26.259500000000003,24.447333333333336,3,31,10,27.54708060848639,25.102701741794075,68.65284974093265,1.7484245299222678,1.5894025702802752,30.274537392498218,22.244462607501788,0.0360982077791684,0.0442442537597632,0.042896819461448,407061.0,1.1758296470216731,0,0,-1,0,0,0.0,-0.8564256865806946,0.1603981195445509,0.7023557543518089,-0.0110573600552867,0.3237742830712302,0.951182599117962,0.0323899371069182,0.0
2024-11-01,28.5,28.62,0.0158036651731255,-0.0078782922626125,-0.0315643835043636,-0.5957499535381928,-0.0042016868537,27.649,26.587,24.717333333333336,4,1,11,27.72033867967068,25.32188227458156,79.10447761194027,1.7185408476480788,1.615230225753836,30.166927079527994,23.007072920472005,0.0363413300880157,0.0444521296989861,0.0424894627500674,404351.0,1.0687368527362433,0,0,-1,0,0,0.0027952480782668,-0.997917161648634,0.1589149438827253,0.7056556825842357,-0.009728978457262,0.2984054669703873,0.8567909028111487,0.0550877192982456,0.0
2024-11-04,27.5,28.5,-0.0069930354909705,-0.0069930354909705,0.0003685277358828,2.240748944217179,-0.0357180826020792,27.949,26.759500000000003,24.980666666666668,0,4,11,27.68027710154874,25.462405998802105,67.12328767123287,1.5957711154087768,1.6113384036848244,30.15229406668728,23.366705933312726,0.0383171095563647,0.0413214119766145,0.0423240536298308,378876.0,0.4365133783218511,0,0,-1,0,0,0.0,0.983866441258498,0.275064372660183,0.6559570794730085,-0.0467937608318891,0.1434511434511434,-0.4308936052942079,0.0494545454545454,0.0
2024-11-05,28.5,27.5,-0.0216358856352071,0.0,-0.0048014866021987,0.0401261685837384,0.0357180826020792,28.319,26.871500000000005,25.231,1,5,11,27.82931762853988,25.658379805331,71.08433734939757,1.5611706572109334,1.601304854390046,30.341869463115906,23.401130536884104,0.0390680542491811,0.0369923050779681,0.0411240177076435,405394.0,0.9385167875110528,0,0,-1,0,0,0.0141818181818182,1.15003781841736,0.4214325111912265,0.5872346379560132,0.0,0.0853008377760853,0.0891107814120367,0.0522807017543859,0.0
2024-11-06,30.0,28.5,0.0216358856352073,0.0512932943875504,0.0536969194700805,-1.145315485075999,0.0512932943875504,28.644,26.9715,25.57,2,6,11,28.223987150623536,25.93848433401933,75.9753593429158,1.6359290371731845,1.608229690946674,30.68549784598767,23.257502154012336,0.0349911749005863,0.0359089880010298,0.039822497417244,413830.0,1.6308571655590856,0,0,-1,0,0,0.0,-0.4472120921866573,0.5455150038139912,0.5700375124963641,0.0619469026548673,0.0714285714285714,-0.3601757609703477,0.05,0.0
2024-11-07,29.01,30.0,0.0512932943875504,0.008298802814695,0.0177365108587079,0.2941511454794441,-0.0335567835288426,28.651,27.087,25.862,3,7,11,28.36689857778289,26.13664663505034,68.90756302521008,1.5968829925604346,1.6059603512694265,30.907592954806468,23.26640704519353,0.0276061495094234,0.0350301363975264,0.040733818374872,402509.0,1.006650026708962,0,0,-1,0,0,0.0,-0.219779877511348,0.6337016076683488,0.5560861758031614,0.0136268343815513,0.0865168539325844,0.3311397689321317,0.0427438814201998,0.0
2024-11-08,29.44,29.01,-0.0087044406301464,-0.0170032434448415,-0.01039510400034,-1.661191565956401,0.0147136957273627,28.717,27.272,26.16333333333333,4,8,11,28.56200792727691,26.349766206982576,73.12734082397003,1.582395259686514,1.601247332952844,31.17538908075925,23.36861091924075,0.0278547067660551,0.0337428760885001,0.0407222491210249,404659.0,1.1108295663819945,0,0,-1,0,0,0.0251637366425369,-0.9912907018379208,0.6338345700749298,0.5356515519014355,0.0329824561403508,0.1437451437451438,-0.134408297793876,0.0349864130434781,0.0
2024-11-11,29.5,29.44,-0.0101386471713334,0.0170032434448414,0.0062500203451713,2.896605517553858,0.0020359694850985,28.782,27.517000000000003,26.42,0,11,11,28.732551940499288,26.553007096854667,72.5095785440613,1.5577978021962693,1.5925574268015292,31.32825811524931,23.705741884750697,0.0278552751225311,0.03153539895958,0.0393829670276217,443601.0,1.040601260809796,0,0,-1,0,0,0.0,2.0155756415750274,0.5231165183797781,0.5006089388535223,0.0727272727272727,0.1991869918699187,-0.5139463199386193,0.0461016949152542,0.0
2024-11-12,29.85,29.5,-0.0047667778376539,-0.0113367460281463,-0.0048577472347844,-0.1466548339412511,0.011794576492837,28.917,27.759500000000003,26.695,1,12,11,28.93572431495396,26.765716316412437,67.5339366515837,1.5486938363313063,1.5837847087074848,31.51319277827652,24.005807221723487,0.0274784378954384,0.0315017086532547,0.0392007803976426,477231.0,1.1138364930120028,0,0,-1,0,0,-0.0067796610169491,1.4016515248045702,0.486446594452292,0.5000741218207415,0.0473684210526317,0.1939999999999999,0.0187048710073984,0.0388274706867671,0.0
2024-11-13,28.85,29.85,0.0185973238155894,0.0113367460281462,-0.0103806495139203,-0.5978099689797663,-0.0340748468845025,28.977,27.952000000000005,26.932,2,13,11,28.92013807587142,26.9001862314826,49.41176470588236,1.4441400871626762,1.5558557843985232,31.499029001409944,24.404970998590063,0.0298624905177636,0.0328860049768942,0.0400499578056136,458734.0,0.5063392487871076,0,0,-1,0,0,0.0,0.1254391121139866,0.3798725070688517,0.5220491446997672,-0.0383333333333333,0.1540000000000001,-0.4417481970272131,0.0622842287694974,0.0
2024-11-14,28.94,28.85,-0.0565083148247061,-0.0251059211310763,-0.0085805927155342,-1.7023991205204885,0.0031147282492291,29.009000000000004,28.152,27.176,3,14,11,28.923749334803887,27.031787119774048,51.05540897097625,1.3529468069061965,1.515273988900058,31.42439554937664,24.87960445062336,0.0296350235764938,0.0328199884727504,0.0399637701673975,462105.0,0.4816043709325485,0,0,-1,0,0,-0.0221837088388215,-1.097499165332183,0.3070099419860523,0.5210011651854255,-0.0024129610479145,0.160384923817161,-1.7940320912543768,0.0445749827228748,0.0
2024-11-15,28.5,28.94,0.0255481961894329,-0.0191655421424362,-0.000354547069837,0.8672276144077108,-0.015320633928733,29.009000000000004,28.329,27.39433333333333,4,15,11,28.84670400120318,27.12651053140153,47.79874213836477,1.230981167880106,1.4584154246960677,31.237114961891987,25.420885038108008,0.0300716297735552,0.0331967916677339,0.0402252919812865,454081.0,0.117601953320822,0,0,-1,0,0,0.0,-0.7254962114931696,0.286990182401724,0.5269827304682718,-0.031929347826087,0.1418269230769231,-0.9364094057586216,0.0259649122807018,0.0
2024-11-18,26.99,28.5,-0.0237773439469564,-0.0013831260849514,-0.0453386805890617,0.9592719091343808,-0.0544376602446915,28.958,28.4535,27.49233333333333,0,18,11,28.509121455529872,27.11770340034337,41.71240395170143,1.0009399274137394,1.366920325239602,30.83735159375615,26.069648406243846,0.0328247565332001,0.0354232572716549,0.0383571127797514,433140.0,-1.2278448908759585,0,0,-1,0,0,-0.0084210526315788,0.2933165065302831,0.4205705389730756,0.5623267762119561,-0.0850847457627119,0.1016326530612243,-0.358787162439898,0.0722489811041126,0.0
2024-11-19,27.49,26.99,-0.0441301260816181,-0.0352149062910665,0.001483129674907,-0.6641091629945237,0.0183558751472411,28.857,28.588,27.53333333333333,1,19,11,28.323826645433527,27.14172253580509,45.94017094017093,0.8491875033741216,1.263373760866506,30.31771065423369,26.858289345766316,0.0309781898994394,0.0355145184021683,0.0347670523104244,443919.0,-1.269576500916504,0,0,-1,0,0,0.0018525379770285,-0.4827028222021055,0.4512505254163887,0.5637755017461863,-0.0790619765494138,0.1084677419354838,-0.1399523587688969,0.0331029465260094,0.0
2024-11-20,27.59,27.49,-0.001110083370239,-0.0111733005981251,0.0003704389744157,-0.5791957848527678,0.0036310860520403,28.616000000000003,28.630000000000003,27.51966666666667,2,20,11,28.190403618991063,27.170643662527347,44.33443344334433,0.728593011566744,1.1564176110065536,30.20573708734109,27.054262912658917,0.024334389568046,0.0310993389655358,0.0325941661155309,449959.0,-1.320017163212053,0,0,-1,0,0,-0.017460894870862,-0.7990405441973317,0.4373641192354447,0.4936867010478513,-0.0436741767764298,0.0314018691588784,-1.284795902689716,0.0213845596230518,0.0
2024-11-21,31.79,27.59,0.0230568310949448,0.1416983866935165,0.0165293019512105,2.4343392450100008,0.1416983866935165,28.894,28.7725,27.68933333333333,3,21,11,28.844875688265414,27.468666652041712,62.490508731966585,0.9608498283949558,1.117304054484234,30.888970497886085,26.65602950211391,0.054743860285588,0.0424997604784027,0.041732244540297,518865.0,2.8514453690839106,0,0,-1,0,0,0.0018122508155128,3.1933264940966035,1.237613003193146,0.6746627820339911,0.0984796129923979,0.0984796129923979,1.5692588813349888,0.1365209185278389,0.0
2024-11-22,32.7,31.79,0.1464719039002573,0.0666203413210744,0.0914976555886585,-0.9039373727163272,0.0282233029804964,29.22000000000001,28.9685,27.921333333333333,4,22,11,29.545807381308062,27.806172029329343,69.8776758409786,1.204460156925382,1.1347352749724635,31.718973834776587,26.21802616522341,0.0550394288581027,0.042718142492812,0.0411206314737786,546770.0,2.713350661852852,0,0,-1,0,0,0.0066058508965083,0.6515877615121559,1.1946703937609129,0.6781294890396091,0.1473684210526316,0.1362056984016679,1.2066664887738856,0.1192629969418958,0.0
2024-11-25,33.65,32.7,0.0307716586667536,0.0005884083723755,0.0464411322249849,-0.2184065357082799,0.0286379781875288,29.635,29.2085,28.223000000000003,0,25,11,30.292024221070232,28.18319318872745,69.76208749040674,1.4573803840426611,1.1992642967865033,32.663005981895026,25.75399401810497,0.0551679303050187,0.0429748577762644,0.0400216666219386,569200.0,2.5714241186889124,0,0,-1,0,0,0.0091743119266054,0.2827070761842882,0.9532074341584283,0.6822047178261963,0.2467580585402,0.1663778162911611,2.066902726548149,0.0739970282317978,0.0
2024-11-26,33.5,33.65,0.0133199847211241,-0.0073801072976225,0.0462026056972969,-1.6363230740286931,-0.004467617259716,30.0,29.4585,28.50633333333333,1,26,11,30.875292544512003,28.526212983003106,64.98287671232876,1.626963121709558,1.2848040617711145,33.3881351779243,25.528864822075697,0.0554962519660707,0.0428143771930745,0.0401105930144651,564833.0,2.0569339478148665,0,0,-1,0,0,-0.0061664190193163,-0.8106052758058588,1.0079622919688904,0.6796571675459452,0.2186249545289196,0.1754385964912281,1.9318096916783507,0.0223880597014925,0.0
2024-11-27,33.1,33.5,-0.0027697738259717,-0.011922644956906,-0.0430340352389538,-0.6442152706276565,-0.0120121564480035,30.425,29.701,28.776333333333337,2,27,11,31.279784809146182,28.821296016357746,68.4400360685302,1.7093773677823734,1.369718722973366,33.90559848511768,25.49640151488233,0.053888601224163,0.042889160936886,0.0402777114858138,562540.0,1.61680122943053,0,0,-1,0,0,-0.0044776119402984,-0.9073139847828892,1.0503135971845778,0.6808443226753592,0.1997100398695179,0.1716814159292035,1.79965894406307,0.0525679758308157,0.0
2024-11-29,33.75,33.1,-0.0105502108951524,0.0119226449569059,0.0125748277542453,1.9468442338758531,0.0194471349355215,30.905999999999995,29.9575,29.07,4,29,11,31.72891484384688,29.13927691852821,69.05393457117594,1.8063187016823576,1.4570387187151643,34.49700089999483,25.41799910000517,0.0537348550988273,0.0429486854416848,0.0402419662097462,578606.0,1.67088853314439,0,0,-1,0,0,-0.0030211480362538,-0.1144378164968317,0.3042493032896876,0.6817892448950296,0.0616546083674112,0.1792452830188677,-0.5319441615183162,0.0515555555555556,0.0
2024-12-02,33.75,33.75,0.0027235604670407,0.0,0.0304592074847086,-0.6428938890062612,0.0,31.430999999999997,30.22,29.363,0,2,12,32.09638487223835,29.43674292378445,68.88888888888889,1.8616850607016355,1.5379679871124587,35.00515687473156,25.43484312526844,0.0529406965848149,0.0428905318414349,0.0402491569903714,578606.0,1.4753957257453665,0,0,-1,0,0,-0.0195555555555554,-0.60579438978542,0.2730624303368799,0.6808660851104047,0.0321100917431191,0.1842105263157893,0.4931955635968211,0.0222222222222222,0.0
2024-12-03,33.5,33.75,0.0063262750528771,0.0,0.0090498355199178,-1.91066779743115,-0.007434978487518,32.08200000000001,30.52,29.663,1,3,12,32.35158762274047,29.698888541604813,66.3677130044843,1.86390445810191,1.6031552813103491,35.33935134311894,25.700648656881057,0.0478453162692311,0.0418153080721816,0.0400223093203632,577356.0,1.2366809505411291,0,0,-1,0,0,-0.0133333333333334,-0.9568370307273306,0.1943358019164547,0.6637974369272661,-0.0044576523031203,0.2181818181818182,1.5619174729998602,0.0134328358208956,0.0
2024-12-04,33.75,33.5,-0.0048163849879812,0.0,-0.0048163849879812,1.6520375260529176,0.0074349784875179,32.708000000000006,30.7825,29.961333333333336,2,4,12,32.605844418605834,29.960250571178697,73.5576923076923,1.86434524571634,1.6553932741915474,35.709302635637805,25.855697364362197,0.0480821904312922,0.0413789490019239,0.0400276116593579,583878.0,1.204635224693079,0,0,-1,0,0,-0.0107462686567164,-0.5762031321053378,0.1987076823310461,0.6568704514338908,0.007462686567164,0.1842105263157893,0.6258016981055023,0.018074074074074,0.0
2024-12-05,34.79,33.75,0.018239405320122,0.0303495718453118,0.018239405320122,0.0414473739067969,0.0303495718453118,33.428,31.022,30.229333333333333,3,5,12,33.00296361522295,30.27184730852201,75.77092511013215,1.926407455434589,1.7095961104401558,36.245411266898216,25.79858873310178,0.0477155018996098,0.0404525365088312,0.0381524411123177,590676.0,1.4427353342359068,0,0,-1,0,0,0.0,-0.5530155368592418,0.2427737881328142,0.6421641090247712,0.0510574018126888,0.1596666666666666,0.3887568062064435,0.029893647599885,0.0
2024-12-06,35.5,34.79,0.0303495718453118,0.0545360906231289,0.0232534564539125,1.674775981456176,0.0202027073175194,33.799,31.3465,30.448,4,6,12,33.45697023063696,30.60914748216575,80.12048192771086,2.0097165091405103,1.7696201901802266,36.84286157165057,25.850138428349425,0.016429422222754,0.0393394593418015,0.035702026436057,626961.0,1.511363452296568,0,0,-1,0,0,0.0,1.117992884953723,0.244734691193716,0.6244945567808612,0.0518518518518518,0.2237159600137883,0.3553859587440858,0.0618591549295776,0.0
2024-12-09,35.0,35.5,-0.0069224389501718,-0.0346151131285744,-0.0724437006446843,-1.4809488375210949,-0.0141846349919564,34.029,31.6245,30.65533333333333,0,9,12,33.73752109779388,30.89242828976796,87.74740810556082,2.0121983431364328,1.818135820771468,37.27511887621276,25.97388112378724,0.0169451729422387,0.0397145725982072,0.035842912380533,618709.0,1.194736390454412,0,0,-1,0,0,-0.0267605633802817,-0.547854163588215,0.2968050800029841,0.6304492951204603,0.0370370370370369,0.1888586956521738,0.1091564322000165,0.0959999999999999,0.0
2024-12-10,34.75,35.0,0.0072098365667497,-0.009057520172514,0.0453309548527023,0.1915293177130078,-0.0071684894786125,34.139,31.887,30.852,1,10,12,33.92160817092226,31.14130388397648,85.03861003861006,1.9712687447784096,1.8487624055728564,37.60938853332394,26.164611466676067,0.0155035740486458,0.0398568507208818,0.0359287467170921,608715.0,1.0006311117560498,0,0,-1,0,0,-0.0057142857142857,-0.3744538714757014,0.2959761999511797,0.6327078902980734,0.0373134328358208,0.1779661016949152,0.1069332861863516,0.0446043165467627,0.0
2024-12-11,34.6,34.75,-0.0144720326085344,-0.0111509375597541,0.0200242261914247,-0.1588645945789946,-0.0043258899471224,34.249,32.1245,31.055333333333333,2,11,12,34.044952139845485,31.364445568881223,83.6695485110471,1.904770982591593,1.859964120976604,37.8850755377668,26.3639244622332,0.0154957617978223,0.0399583093870156,0.035814792030392,600189.0,0.859462733808601,0,0,-1,0,0,-0.0129496402877698,-0.3992688418613915,0.3076327843220681,0.6343184966917264,0.0251851851851852,0.1591289782244556,0.6125454709364261,0.0138728323699423,0.0
2024-12-12,35.02,34.6,0.0,0.031694786568096,0.0,-0.1757282804718056,0.0120656447940273,34.440999999999995,32.433,31.281,3,12,12,34.22223356896449,31.600287790243726,74.35897435897441,1.8644690779427648,1.8608651123698363,38.11553501621661,26.750464983783395,0.0147077685498817,0.0387407205292697,0.0356990458810673,607341.0,0.9105091275697624,0,0,-1,0,0,-0.0086705202312139,-0.4489100457419461,0.2275736566167155,0.6149898727914138,0.0066110951422824,0.2138648180242635,0.506549712318623,0.0456881781838949,0.0
2024-12-13,34.55,35.02,0.0159077830346387,-0.0081107982045467,-0.0117303397854896,1.055858121719517,-0.013511776644027,34.521,32.7135,31.478666666666665,4,13,12,34.2818274655164,31.790591803776397,64.94345718901451,1.7741531232698335,1.843522714549836,38.22120283569452,27.20579716430549,0.0149529339746702,0.0390795190727697,0.0358904263531609,586783.0,0.6668842001053289,0,0,-1,0,0,-0.0048543689320388,0.351721328502423,0.168667654725262,0.6203681329353251,-0.0267605633802817,0.1938493434692465,1.449538559614839,0.049493487698987,0.0
2024-12-16,33.9,34.55,-0.0232231046110116,-0.0374811431177921,0.0,-1.0494469499338914,-0.0189925358272742,34.536,32.98350000000001,31.658666666666665,0,16,12,34.212404289967964,31.92668265514566,52.12224108658743,1.6313226388591886,1.8010826994117064,38.13972168891766,27.827278311082356,0.0164075324700716,0.039208113410126,0.0361444412124455,579585.0,0.3554928609721494,0,0,-1,0,0,-0.0144717800289435,-0.5022452746721155,0.1864698768941022,0.6224095047552612,-0.0314285714285714,0.1894736842105262,1.021586224724243,0.0117994100294984,0.0
2024-12-17,34.02,33.9,0.0014673516939499,-0.0058479698824229,-0.0011068069751911,-0.6200320402425085,0.0035335725813112,34.58800000000001,33.335,31.876,1,17,12,34.17742169179197,32.06173538707175,54.43686006825941,1.510400491370973,1.74294625780356,37.66282186616604,29.007178133833964,0.0161802163039506,0.0364124581406104,0.0352935371338669,583457.0,0.3165564670557178,0,0,-1,0,0,0.0058997050147493,-0.6553897764742088,0.198501692915309,0.5780298531876273,-0.0210071942446041,0.2604668395702114,0.1859826080026462,0.0069811875367432,0.0
2024-12-18,34.04,34.02,-0.0014673516939498,0.0029282597790883,0.0025806465934917,-0.1308784802358837,0.0005877167374576,34.617,33.6625,32.06066666666666,2,18,12,34.15243592964797,32.18936536209938,58.5766423357664,1.400043817511296,1.674365769745107,37.007742497700704,30.31725750229929,0.0160517476906546,0.036469953608922,0.0348933526261475,586854.0,0.225693653156365,0,0,-1,0,0,0.0008818342151673,-0.6550538331315292,0.2013141911065873,0.5789425654516211,-0.016184971098266,0.2382684612586396,-0.1873376080101828,0.0073443008225616,0.0
2024-12-19,34.31,34.04,-0.0008079621431856,0.0288204385354918,0.0014716706114562,0.3587628422432019,0.007900553165185,34.569,33.9985,32.20433333333333,3,19,12,34.18108394243925,32.32618050002846,55.4901960784314,1.3191655822364936,1.6033257322433847,35.74215949114341,32.25484050885659,0.0125802773060367,0.0364349225063459,0.0337923462183318,591717.0,0.3572945309358936,0,0,-1,0,0,-0.0005141010575792,-0.558018340300476,0.1824615954617094,0.5783864639382097,-0.0202741290691034,0.2435665096049293,-0.4959356133034481,0.0349752258816672,0.0
2024-12-20,34.75,34.31,0.0211575015584655,-0.0056980211146377,0.0200188668904919,-0.8349675839336735,0.0127427151404428,34.494,34.1465,32.39566666666666,4,20,12,34.284523225632114,32.482555951639526,59.02527075812274,1.2758659325797552,1.5378337723106588,35.5748486969231,32.71815130307691,0.0112872026431861,0.015320670912412,0.0330425417588813,593827.0,0.8450317507203083,0,0,-1,0,0,0.0128242494899445,-0.8793998264146989,0.1922753046730289,0.2432081109174201,0.0057887120115776,0.093111041207927,-1.4426703181549048,0.0089928057553956,0.0
2024-12-23,34.7,34.75,-0.0218190473946397,-0.0071684894786125,-0.0200188668904919,0.4870378149873087,-0.0014398850579875,34.464,34.2465,32.571,0,23,12,34.36006445733536,32.625616857985364,61.2359550561798,1.223413318944651,1.4749496816374572,35.52010697895545,32.97289302104455,0.0104711656821986,0.0142756848770811,0.0330352460412053,590393.0,0.7121506202359907,0,0,-1,0,0,-0.0215827338129496,-0.6689358336700745,0.0913262296352283,0.2266194718792946,0.0235988200589971,0.0611620795107032,0.5950284961056868,0.0216138328530259,0.0
2024-12-24,35.15,34.7,0.0160470255975174,0.0114450462458726,0.0160470255975174,-0.7019217323241015,0.0128849313038602,34.504000000000005,34.3215,32.75933333333334,1,24,12,34.5036891014562,32.78848028650244,62.63537906137184,1.2042733701542474,1.4208144193408152,35.62355141785522,33.01944858214478,0.0110359934052578,0.0131430331580053,0.0330504176715085,592095.0,1.272607192985867,0,0,-1,0,0,-0.0043227665706053,-0.7903123943687577,0.1070310645492028,0.2086391832549478,0.0332157554379775,0.0445765230312036,-0.3007509925168787,0.0170697012802276,0.0
2024-12-26,35.3,35.15,0.0129405112757349,0.004258345682577,0.0129405112757349,1.0235999937904323,0.004258345682577,34.574,34.411500000000004,32.941,3,26,12,34.64847290119144,32.95051381640551,55.48387096774192,1.1875195826956215,1.3741554520117767,35.723264982160686,33.09973501783932,0.010892120530443,0.0130526538956734,0.0330358518712796,596832.0,1.354663391816566,0,0,-1,0,0,-0.0042674253200568,-0.4212800006451621,0.0967595238767081,0.2072044569441017,0.0370152761457107,0.0537313432835819,-0.6421795603546697,0.008498583569405,0.0
2024-12-27,36.0,35.3,-0.0040080213975388,0.0196359745168589,-0.0040080213975388,1.102194633664497,0.0196359745168589,34.672000000000004,34.5565,33.17933333333333,4,27,12,34.89420510097481,33.14725486050838,55.38793103448276,1.2167008650833535,1.3426645346260924,35.898631454853536,33.21436854514646,0.011907256953969,0.0131101456801341,0.0322570079860422,611094.0,2.1510560605369737,0,0,-1,0,0,-0.0124645892351274,0.6744911030738159,0.1320179225209481,0.2081171107287769,0.0492567764500144,0.0876132930513595,-0.3110222694130408,0.0316666666666666,0.0
2024-12-30,44.0,36.0,0.0179109265665302,0.2451224580329849,0.0040080213975388,1.5368928532209276,0.2006706954621512,35.617000000000004,35.069,33.681333333333335,0,30,12,36.54980417352484,33.84743196628204,87.0675453047776,1.8638747944175265,1.446906586584379,39.46594582995755,30.67205417004245,0.0695966472729162,0.0505093971603246,0.05068318421929,677414.0,4.062365262337665,0,0,-1,0,0,-0.0141666666666666,3.620081809639992,1.519878839919213,0.8018118225480668,0.2661870503597121,0.3037037037037038,2.195942405364339,0.25,0.0
2024-12-31,43.0,44.0,0.168418651624963,-0.0674412807955325,0.1158764573858018,-0.8887409849756156,-0.0229895182246987,36.527,35.5315,34.16466666666667,1,31,12,37.722567051065774,34.43792022652191,82.00155159038013,2.269907077577713,1.611506684783046,41.12689763884966,29.936102361150343,0.0698895081424707,0.0511030320161614,0.0508570383474879,650145.0,2.669515370326898,0,0,-1,0,0,-0.0454545454545454,0.964626539232338,1.5732323978755518,0.8112354837368094,0.239193083573487,0.2740740740740741,2.083191870937037,0.086046511627907,0.0
2025-01-02,39.6,43.0,-0.0302137785964965,-0.0237686209974604,-0.0415644244212502,-1.0667444145002496,-0.0823709974331275,37.085,35.8365,34.585,3,2,1,38.063918496326544,34.77095763126243,65.48946716232962,2.290930580594072,1.7473914639452512,41.62724497525348,30.045755024746526,0.0773259663870258,0.0549942259201651,0.0522619415016091,640761.0,1.299832755917649,0,0,-1,0,0,-0.0523255813953488,-0.2109041773739774,1.8166665633690344,0.873006271975555,0.1266002844950213,0.1820895522388059,1.6159350493062696,0.1083333333333333,0.0
2025-01-03,39.8375,39.6,-0.0261046519937269,-0.0498028224838182,0.0339015516756812,-1.434764883285642,0.0059795614830198,37.664750000000005,36.140875,34.996583333333334,4,3,1,38.386387860630805,35.09783133247131,65.09478301738993,2.3002403840331667,1.8579612479628345,42.10713259342111,30.174617406578896,0.0772114812946092,0.0549983377605684,0.0522751039769037,642996.0,1.2391771364602848,0,0,-1,0,0,0.0025252525252525,-0.6561639783862155,1.8152293806435191,0.8730715454183827,0.1285410764872521,0.1803703703703703,1.6054643325973468,0.0238468779416379,0.0
2025-01-06,39.25,39.8375,-0.0050505157860685,-0.0037617599218917,0.0,1.4810959715189602,-0.0148572355150373,38.158750000000005,36.363875,35.38525,0,6,1,38.54340824960702,35.36571318198929,64.6189735614308,2.234454727080518,1.9332599437863716,42.44973965659757,30.27801034340243,0.0778794167407118,0.0550180896318705,0.0525037375242036,633167.0,0.9484683484938188,0,0,-1,0,0,-0.0084719171634765,-0.1770560238287515,1.8429212630592409,0.8733850966547445,0.0902777777777776,0.1281977579764299,1.809998870904122,0.0203821656050954,0.0
2025-01-07,38.3,39.25,-0.0127390257774297,-0.0139154680619745,-0.0190861148217927,-1.1347651719856715,-0.0245015480418172,38.51375,36.503875,35.602250000000005,1,7,1,38.49915220422392,35.55502200895773,63.4351145038168,2.081665910640908,1.9629411371572787,42.63472204266293,30.373027957337072,0.0789211435625709,0.055363976565997,0.0458317090812884,630007.0,0.5859304554497095,0,0,-1,0,0,-0.0063694267515923,-0.5329024942337851,0.5005055319184856,0.8788758815114165,-0.1295454545454546,0.0788732394366196,-1.3812856536115683,0.0257780678851174,0.0
2025-01-08,37.6,38.3,-0.0257123631284891,-0.0166991677576322,-0.0201345983314884,1.2422193332813738,-0.0184458457907513,38.80375,36.633875,35.76558333333333,2,8,1,38.33566998527412,35.68695607289594,60.5573577115895,1.8823964286937451,1.946832195464572,42.74066942032461,30.5270805796754,0.0794250759001697,0.0554483736965363,0.0458738682926602,619063.0,0.3164098653082361,0,0,-1,0,0,-0.0075718015665796,-0.0071071791339291,0.5038572284485047,0.8802156444240617,-0.1255813953488371,0.0742857142857142,-1.4866459459149644,0.0292553191489362,0.0
2025-01-10,36.7,37.6,-0.0135083500247921,-0.02891134349442,-0.0253861863904157,-0.1929036661244915,-0.0242272953353242,38.95875,36.731375,35.86725,4,10,1,38.038275442497,35.752313745612334,57.45724698626298,1.633026932254289,1.884071142822516,42.77345060080077,30.689299399199232,0.0801581426159478,0.0557666977634701,0.0459592973209683,610039.0,-0.0103855039469677,0,0,-1,0,0,-0.0026595744680851,-0.1358192138445347,0.1970382055705014,0.8852688823286629,-0.0732323232323232,0.0561151079136692,1.6975561543051283,0.0256130790190735,0.0
2025-01-13,37.2,36.7,-0.0139637070173864,0.0132452267500207,0.0051834790728964,-0.0441797976224173,0.0135320062185763,39.14874999999999,36.861375,35.99058333333333,0,13,1,37.88586172567936,35.845712858798635,57.99889288679768,1.4589280170125107,1.7990425176605147,42.82169234297343,30.901057657026563,0.0801781428311496,0.0557690232183986,0.0459655404037401,618673.0,0.1136265002396926,0,0,-1,0,0,0.0076294277929153,-0.1630239325569181,0.2489273691594035,0.8853057977812194,-0.0662064637590209,0.0751445086705202,1.8916378291927487,0.0336021505376344,0.0
2025-01-14,37.0,37.2,-0.0010822511878848,-0.0266682470821612,-0.0013614705983209,-0.8673020368325204,-0.0053908486348765,39.24875,36.960375,36.120583333333336,1,14,1,37.72479595737402,35.92018299694066,56.311360448807854,1.2899453567289214,1.6972230854741963,42.857351985353766,31.06339801464623,0.0801566255166901,0.0557879600073856,0.0459005343301061,615046.0,0.013439089248073,0,0,-1,0,0,-0.006989247311828,-0.4929010417808243,0.2548085766222659,0.8856064099869564,-0.0573248407643312,0.0565391205025698,1.2308899630573351,0.008108108108108,0.0
2025-01-15,38.1,37.0,0.0016229378731305,0.0716919284561164,0.0081411575836998,1.215731357764014,0.0292963694884309,38.65875,37.137875,36.26558333333333,2,15,1,37.7930148742151,36.060816351976754,59.00662251655629,1.2306005903331894,1.6038985864459951,42.94235268968083,31.33339731031916,0.029214668739135,0.0559094066730923,0.0460509557951594,627279.0,0.3315113095224629,0,0,-1,0,0,0.0,0.1261719684454934,0.3551215551670578,0.887534316037065,-0.0052219321148824,0.1027496382054993,0.5181276516440335,0.0721784776902887,0.0
2025-01-16,36.22,38.1,0.0086114633349185,-0.0397743254878112,-0.0213064601889571,-0.4197081348739043,-0.050602829677388,37.98075,37.253875,36.34791666666667,3,16,1,37.50701216981236,36.07108626475245,52.63481901009604,1.0201099546632193,1.4871408600894402,42.875756234820216,31.631993765179782,0.0312499684606394,0.0570351084738169,0.0471041016148778,619239.0,-0.3678039278370008,0,0,-1,0,0,-0.0204724409448819,-0.1673180215344617,0.4929330851258978,0.9054042781278738,-0.0367021276595744,0.0684365781710913,-0.3027124575998679,0.0546659304251795,0.0
2025-01-17,37.5,36.22,-0.0086114633349186,-0.0118500399174958,0.021306460188957,-1.5328454669527165,0.0347294805210978,37.77075000000001,37.427875,36.48125,4,17,1,37.50573722984648,36.16327424767165,55.13179379519478,0.9456787164071088,1.378848431352974,42.83982018853313,32.01592981146687,0.0263865667518805,0.0574422661984442,0.047413479676144,620975.0,0.026654002391901,0,0,-1,0,0,0.0215350635008283,-0.594456716255521,0.5422447615255458,0.9118677066303305,0.0217983651226156,0.1022927689594355,-1.202688833845097,0.02,0.0
2025-01-21,38.35,37.5,0.0371395469494567,0.0170719838986474,0.0134230203321407,-0.4100840539644589,0.0224135948369,37.622,37.643375000000006,36.63458333333333,1,21,1,37.65923955169257,36.30435332846703,55.44359508918231,0.9443929460764552,1.2919573342976705,42.82567845934505,32.46107154065496,0.0276625521116746,0.057538583770571,0.0475244960386925,622127.0,0.2727069171241859,0,0,-1,0,0,0.0239999999999999,-0.6242123322201312,0.5551671622254742,0.913396700686729,0.0309139784946235,0.1266157461809636,-1.3305973599871956,0.0234680573663624,0.0
2025-01-22,38.1,38.35,0.0,0.0103627870355466,0.0106101791120154,2.007234805902086,-0.0065402456806098,37.507,37.832875,36.74491666666667,2,22,1,37.73937781502119,36.420201500824,28.67726779906036,0.9126802434404552,1.2161019161262276,42.773494840455,32.892255159545,0.0274104746009036,0.0576224107256082,0.047320793380983,613553.0,0.1081342052722679,0,0,-1,0,0,0.0013037809647978,-0.1273116069629513,0.5567773109325829,0.914727412343882,0.0297297297297298,0.1104634217429321,-1.2917280173807144,0.0236220472440944,0.0
2025-01-23,39.99,38.1,0.0064893154397498,0.0302091762294993,0.0195956629450501,-0.7972902844916411,0.0484151407260717,37.676,38.094875,36.89458333333334,3,23,1,38.1485818486537,36.650511081416,39.779286926994914,1.028202425210651,1.1785220179431124,42.90106357499619,33.28868642500381,0.0306962789316239,0.0584100404152136,0.0479653156362226,617416.0,0.7886186613064806,0,0,-1,0,0,0.0144356955380576,-0.4597130054510318,0.6232210542168689,0.927230646047323,0.0496062992125985,0.1507913669064748,-0.9608616321737092,0.0335083770942736,0.0
2025-01-24,39.75,39.99,0.0343326790805053,0.0327172213927108,0.0095275601615343,1.1079738033366897,-0.0060195817583861,37.891000000000005,38.347375,37.05291666666667,4,24,1,38.43974878526212,36.85047810842142,50.6485084306096,1.0878485513814766,1.1603873246307854,42.927917795634,33.766832204366,0.0299084039499368,0.0584599165463507,0.0478770650769987,605718.0,0.6124274185744664,0,0,-1,0,0,0.0002500625156288,0.0541000460302553,0.3963432657720842,0.9280224050834048,0.0974599668691331,0.1455331412103746,0.0186874384848596,0.0578616352201257,0.0
2025-01-27,38.85,39.75,-0.0227569871226161,-0.0387368031510969,-0.0291232231065846,-0.3373958978058797,-0.0229017642866844,38.106,38.532375,37.18958333333333,0,27,1,38.51433991521446,36.97947952078133,45.96197096708241,1.0503878405309166,1.1383874278108117,42.86113909826455,34.203610901735445,0.0297669882479183,0.0588512996154671,0.0480986731920237,597370.0,0.1467508936915025,0,0,-1,0,0,-0.0163522012578616,-0.2044498318606593,0.4552877456028678,0.9342354186928634,0.036,0.1052631578947369,0.8178827850360323,0.0476190476190476,0.0
2025-01-28,39.0,38.85,-0.0064143901776636,-0.0190481949706944,0.0221796437109753,0.1147437627417978,0.0038535693159899,38.286,38.717375,37.33625,1,28,1,38.60264174881183,37.10983568073093,48.939779474130624,1.0210338609126026,1.11491671443117,42.77206347365912,34.66268652634088,0.0296529892660483,0.0588521892458475,0.048068693470481,606733.0,0.1394065175838036,0,0,-1,0,0,0.0,-0.1500862181544063,0.4347287598817559,0.9342495411373356,0.0169491525423728,0.104815864022663,1.5588062212254306,0.0064102564102564,0.0
2025-01-29,41.7,39.0,0.0279205953986273,0.0669394826751093,0.0304979164129277,0.466539878114701,0.0669394826751093,38.75600000000001,39.002375,37.55891666666666,2,29,1,39.1657977944824,37.40597531423215,62.555391432791744,1.2017846306029512,1.1322902976655262,43.05413987699178,34.95061012300822,0.0355203929376373,0.0604558538477705,0.0494699505143643,621662.0,1.3315802283190954,0,0,-1,0,0,0.0243589743589744,0.2411457885067022,0.6172702251706107,0.9597069274756092,0.094488188976378,0.1583333333333334,0.4786116885718155,0.0419664268585131,0.0
2025-01-30,41.4755,41.7,0.0261872671916841,0.0071684894786124,0.025943394492024,-0.340849140040017,-0.0053982373458207,39.09355,38.87615,37.789766666666665,3,30,1,39.58574365003105,37.66852529395912,64.83217880515897,1.3117940982452083,1.1681910577814627,42.3945596302618,35.35774036973821,0.0353733605460573,0.0337041106805011,0.0493776509556952,611045.0,1.4775709898262115,0,0,-1,0,0,-0.0165467625899281,0.323682839488534,0.5657336371346676,0.5350361701272124,0.0371467866966739,-0.057375,1.8267117210767647,0.0241106195223686,0.0
2025-01-31,41.95,41.4755,0.0226624935092474,0.0,0.0,-1.174003497363537,0.0113755414542802,39.66655,38.82365,38.0581,4,31,1,40.01560844093449,37.9447494685424,70.76904818419175,1.420886483455014,1.218730142916173,42.10641263790808,35.54088736209192,0.0288367918842267,0.0334852282253399,0.0491365821531104,614327.0,1.904706702761945,0,0,-1,0,0,0.011440488963364,-1.0680382322036508,0.5522928188145466,0.5315615188709416,0.0553459119496855,-0.0244186046511627,1.4864738519489655,0.0238379022646007,0.0
2025-02-03,40.95,41.95,-0.0192545057901364,-0.0204456911602895,-0.0372713947972316,0.3475536416803182,-0.0241266226141367,40.01155,38.89115,38.289100000000005,0,3,2,40.18549781531004,38.138636599604176,64.27049242712533,1.4103932070985363,1.2570627557526457,42.294431390225576,35.48786860977442,0.0302718399800743,0.0286034450633767,0.0494791618581073,609681.0,1.209920523124031,0,0,-1,0,0,-0.0190703218116806,-0.66172464242761,0.5569705922071415,0.454065613664358,0.0540540540540541,0.0340909090909091,1.4421196530217608,0.0402930402930402,0.0
2025-02-04,40.65,40.95,-0.0036518604187709,0.0,0.0063091691932647,0.812316350319682,-0.0073529743052589,40.24155,38.931775,38.50943333333333,1,4,2,40.26995275798094,38.30066004479101,63.785029080746256,1.36216749819134,1.2780837042403843,42.40137249637407,35.46217750362593,0.0302797881061194,0.0286620411858198,0.049537174488397,599213.0,0.9904462992007804,0,0,-1,0,0,0.0012210012210011,0.7113899763024325,0.5715542055396049,0.4549957982710204,0.0423076923076923,0.0203953561342955,1.5935622101002396,0.034440344403444,0.0
2025-02-05,41.05,40.65,-0.0051351133748407,0.0204456911602895,0.0214045005978654,1.0508389936321856,0.0097919999046174,40.53655,39.021775000000005,38.7341,2,5,2,40.41177952925712,38.478036816094814,61.763298508652966,1.3407693786977717,1.290620839131862,42.61722877379224,35.42632122620777,0.0299538616340531,0.0284597989567207,0.0495396059282645,629152.0,1.1282164241876822,0,0,-1,0,0,0.0034440344403444,3.3661821769044225,0.2289448706102507,0.4517853024142717,-0.0155875299760193,0.0458598726114649,-0.539097344018786,0.0338611449451888,0.0
2025-02-06,41.5,41.05,0.0124255466375199,-0.0023837913552762,0.0071157213505496,-1.3593712422500412,0.0109025913382154,40.68755,39.181775,38.9591,3,6,2,40.60963779666492,38.67300218279838,73.76451525789895,1.3446224830410074,1.301421167913691,42.92380533089947,35.439744669100534,0.0262341844478859,0.0277935640065031,0.0495333364124404,636841.0,1.2390198876035128,0,0,-1,0,0,0.0060901339829476,-0.2026253166863703,0.2471490870782615,0.4412091504561797,0.000590710178298,0.08355091383812,-1.1923458789485175,0.0240963855421686,0.0
2025-02-07,41.73,41.5,0.0038666070406465,-0.0011940299926076,0.0024420036555518,-0.2687443084195303,0.0055268673668086,40.88555,39.388275,39.19343333333333,4,7,2,40.81334001545312,38.87022784842429,71.025946913212,1.350665542192651,1.311270042769483,43.21757617954796,35.55897382045204,0.0259973975515452,0.0272770172775698,0.0495085940203699,642718.0,1.2230560565499478,0,0,-1,0,0,-0.0009638554216867,-0.4537430627902986,0.2334395558561331,0.4330092253443719,-0.0052443384982122,0.1098404255319147,-1.1783282106115238,0.0203690390606278,0.0
2025-02-10,40.01,41.73,0.0064911875958276,-0.0028715023320231,-0.0317801700922662,0.2278627031574019,-0.0420908717343175,41.00155,39.553775,39.35543333333333,0,10,2,40.66727819446164,38.94376153562273,57.59447341934301,1.2027999555770703,1.289576025331001,43.1742944520448,35.93325554795519,0.0287257844453417,0.0285069900646316,0.0502755508444763,635337.0,0.2520218471646857,0,0,-1,0,0,0.0,-0.1974186218845507,0.3461312964306453,0.452534438028027,-0.022954822954823,0.0901907356948228,-1.696566282206373,0.0502999250187452,0.0
2025-02-11,38.51,40.01,-0.0393453315097264,-0.0178921600872148,-0.0415776144793862,1.0863895861251187,-0.0382114750423261,40.95255,39.619275,39.46243333333334,1,11,2,40.27504579546861,38.91577692042127,51.68322522374577,0.9535856075953292,1.2223779417838665,43.10540299044911,36.133147009550896,0.0314819627600501,0.0299219154677401,0.0508838496329167,613463.0,-0.6363937314057712,0,0,-1,0,0,0.002749312671832,1.834401930098345,0.4202807346149285,0.4749956824700235,-0.0526445264452645,0.0352150537634408,-0.5937885198567788,0.0750454427421449,0.0
2025-02-12,38.5,38.51,-0.0529738787860399,-0.0319769468231014,-0.0339015516756814,-0.6675116942303048,-0.0002597065330788,40.63255,39.694275000000005,39.545766666666665,2,12,2,39.952310196292494,38.88895260297473,42.76628798912515,0.7466674078079691,1.1272358349886868,43.00317352041798,36.38537647958203,0.0198039951897716,0.029875980044178,0.0508012770803282,602242.0,-0.721856528769667,0,0,-1,0,0,-0.0119449493638016,0.2331416917685301,0.3948765544344086,0.4742664802273423,-0.0621193666260657,0.0405405405405405,-0.5068356943629451,0.0745454545454546,0.0
2025-02-13,39.355,38.5,0.0366398053670609,-0.0058102980183891,0.0636387137714435,-0.518519345739389,0.0219647903006748,40.4205,39.757025,39.39093333333334,3,13,2,39.84370834242113,38.91902017697637,48.190397654388846,0.644248107030883,1.030638289397126,42.98523904877992,36.52881095122007,0.0219767441362169,0.0295596310731211,0.0299283170611644,608923.0,-0.2490696056241645,0,0,-1,0,0,0.0251948051948051,-0.397877480414196,0.4421937996064559,0.469244595997775,-0.0516867469879518,0.0329396325459316,-0.2089876542775332,0.0055901410240121,0.0
2025-02-14,39.5,39.355,-0.0032990767138426,0.025514140369314,-0.0012746974320004,0.0974713729712533,0.0036776403126628,40.1755,39.921025,39.27426666666667,4,14,2,39.78121591652638,38.9565027462037,53.19913377300914,0.5682301579088929,0.9381566630994794,42.69379045357331,37.14825954642669,0.021462354453822,0.0269737953448299,0.0297242016237715,616288.0,-0.3036859821355744,0,0,-1,0,0,-0.0003811459789097,-0.2912584971313875,0.4381942744331524,0.4281957263878309,-0.0534387730649412,0.0905577029265598,-0.1718578179940682,0.0326582278481012,0.0
2025-02-18,39.25,39.5,0.0081643439484009,-0.014678706148252,-0.0167206467870784,-0.0094127971425633,-0.0063492276786587,40.0055,40.008525,39.2626,1,18,2,39.68463120443067,38.97543805290023,51.218442343308304,0.4822533583642112,0.8469760021524259,42.56133033974584,37.45571966025416,0.0205198656788053,0.0260757378023148,0.0259858290752882,608992.0,-0.5942677948766121,0,0,-1,0,0,0.0041139240506329,-0.3539656588629004,0.344725295595511,0.4139395048647065,-0.0189952511872031,0.0466666666666666,-0.8593983985909875,0.0343949044585987,0.0
2025-02-19,38.99,39.25,-0.0216045397121177,-0.0202538569044975,0.0068455171878578,-1.805004695978076,-0.0066462412339113,39.8395,40.040525,39.23435,2,19,2,39.55833462180691,38.97637753335828,32.67041821204759,0.3886561124717786,0.7553120242162964,42.52080850406351,37.56024149593648,0.020508570140879,0.0257094693327559,0.0259880242908974,607792.0,-0.8471007433455814,0,0,-1,0,0,-0.011087898089172,-1.2861915076975483,0.1875970633857605,0.4081251731634837,0.0124642949883149,0.0166883963494133,1.546932220428541,0.0073146960759169,0.0
2025-02-20,38.64,38.99,-0.0052903069210512,-0.0025608208616737,-0.034460684220831,1.9123779872748623,-0.0090171936501887,39.5985,40.067525,39.21401666666667,3,20,2,39.39136469056928,38.95467575701259,32.15432059915668,0.2829755795079407,0.6608447352746253,42.4693809813749,37.66566901862509,0.0199566560450991,0.0257538263446126,0.0258993148871847,599669.0,-1.188684926215125,0,0,-1,0,0,-0.0097460887407028,-0.2245113439666363,0.2051652360563472,0.4088293188971318,0.0036363636363636,0.0141732283464566,1.571899818226118,0.0388198757763975,0.0
2025-02-21,37.9,38.64,-0.0159251505497591,-0.0079804774172248,-0.0270286723879192,-0.226596508253428,-0.0193368972559366,39.2385,39.963025,39.20068333333333,4,21,2,39.12020747410214,38.88663215978597,25.334957369062096,0.1379213091857494,0.5562600500568502,42.55353733451347,37.37251266548653,0.0194021598010914,0.0234083006207677,0.0257538581184516,593193.0,-1.5927544312484156,0,0,-1,0,0,-0.0165631469979296,-0.5033102859460337,0.1292472735360306,0.3715952523431424,-0.0369711599542624,-0.0522630657664416,-0.1543545797877559,0.0577836411609498,0.0
2025-02-24,36.99,37.9,-0.0137787023561643,-0.0317737113422001,-0.0132379208406356,0.3684490865742189,-0.0243035062440179,38.7645,39.825025,39.18035,0,24,2,38.73289702426538,38.76426879463848,25.61576354679802,-0.0498895443052589,0.4350301311844284,42.73738343071396,36.91266656928605,0.0192142587307253,0.0238945093970662,0.0259147011425394,583832.0,-1.946892916820688,0,0,-1,0,0,-0.0110817941952507,-0.0381909235461883,0.1280842331344277,0.3793135773871986,-0.0635443037974683,-0.0694339622641508,-0.7393613917765924,0.0394701270613677,0.0
2025-02-25,38.96,36.99,-0.0222030513677265,0.0760119367820491,0.0135118559197352,0.5086011666641047,0.0518878729299717,38.6595,39.830525,39.25568333333333,1,25,2,38.77418847439895,38.77689661433923,41.36874361593463,-0.0393152609229332,0.3401610527629561,42.7355366310127,36.9255133689873,0.0253868091742456,0.0265451763671645,0.0272756141528965,599399.0,-0.5993263439682223,0,0,-1,0,0,-0.0090024330900244,0.8531604480187317,0.4955573133775948,0.4213916110551983,-0.0073885350318471,0.0028314028314027,1.9457195170730304,0.1008726899383983,0.0
2025-02-26,38.96,38.96,0.0594541099090332,-0.0237719188537124,0.0267547373088195,-0.1862220039177385,0.0,38.7045,39.828525,39.31435,2,26,2,38.80797238814459,38.788709735994765,38.87113951011716,-0.0305825288037624,0.2660123364496123,42.73599819261807,36.92105180738193,0.0221909777406097,0.0265332617526084,0.0271947326449505,599399.0,-0.5974431696946609,0,0,-1,0,0,-0.0014758726899383,0.4210427364063011,0.493131476423268,0.4212024724127021,-0.0007694280584765,-0.0010256410256409,1.7635330833981502,0.0510780287474333,0.0
2025-02-27,37.98,38.96,-0.0104002746177894,0.0,-0.0226546905648062,0.2140323668088807,-0.0254757733901946,38.6525,39.642525,39.34701666666667,3,27,2,38.65743195393648,38.73653491431769,32.25806451612901,-0.1015687639946847,0.1924961163607529,42.52171924903695,36.76333075096305,0.0237377805429122,0.0215493696993818,0.0276136073886362,583393.0,-1.154854348959674,0,0,-1,0,0,-0.0118069815195072,0.8745669309531461,0.5245211995874381,0.3420856388085303,-0.0170807453416149,-0.0892086330935253,1.7772603706430674,0.0745129015271196,0.0
2025-02-28,37.38,37.98,-0.039470094895674,-0.0387245080990239,-0.0192790328081393,0.5990451922526262,-0.0159239033567229,38.455,39.43775,39.32301666666667,4,28,2,38.425171598675306,38.64901653274881,28.86297376093296,-0.203890529298178,0.1132187872289667,42.35040564300692,36.52509435699308,0.0226051640191736,0.0216986421036391,0.0272422472422981,554256.0,-1.4129717015744785,0,0,-1,0,0,-0.0255397577672458,2.286669377318326,0.5185266889710088,0.3444552647641475,-0.0137203166226912,-0.0987450422538606,1.762206142304799,0.0543071161048689,0.0
2025-03-03,34.3,37.38,0.0099476556293522,0.0002631925268514,-0.0487206448951852,0.3130131795891508,-0.0859904478555226,37.935,39.05525,39.25901666666667,0,3,3,37.67514039891616,38.36843482095856,25.49356223175964,-0.527431621438538,-0.0149112945045341,42.53317659799713,35.577323402002875,0.0329785914470872,0.0273694537607008,0.0298395311112046,514410.0,-2.734531546892605,0,0,-1,0,0,0.0,2.7068716810199795,0.774660616333138,0.4344766090229755,-0.0727223573938903,-0.1823599523241955,-0.0496741298194941,0.1093294460641399,0.0
2025-03-04,32.0,34.3,-0.0516031055460467,-0.0680534632450156,-0.084016529595301,-0.020102325867927,-0.0694094513721676,37.21,38.60775,39.07568333333334,1,4,3,36.64329669002231,37.95756805831608,23.85542168674698,-0.9583833987970678,-0.2036057153630409,43.18773445756992,34.02776554243007,0.0368692244378787,0.0301164514785448,0.0313140009925464,475357.0,-2.8854901413818186,0,0,-1,0,0,0.0349854227405248,2.156466008988805,0.5565840490432478,0.4780838459038395,-0.1786447638603696,-0.2185592185592185,-0.4148262641405225,0.1253125,0.0
2025-03-05,31.09,32.0,-0.1182761149464778,-0.0730251350148899,-0.0388524100737872,0.849066782646769,-0.0288496787290641,36.42,38.12975,38.83368333333333,2,5,3,35.633606382745526,37.514499151327946,22.247191011235955,-1.3576945246614756,-0.4344234772227278,43.70060127672348,32.55889872327652,0.0366615178950827,0.0303201290067343,0.031158174513344,384072.0,-2.527351620178402,0,0,-1,0,0,-0.014375,3.5470087266708403,0.4627044932204619,0.4813171264272888,-0.2020020533880904,-0.2351783517835177,-0.644989471659342,0.0871662914120296,0.0
2025-03-06,33.58,31.09,-0.0038119487074171,0.0412582629776947,0.0366270077883292,-1.8117531647848284,0.0770444275787323,35.914,37.75625,38.68301666666666,3,6,3,35.26022340406452,37.26066049640356,30.73073073073074,-1.4564403409408797,-0.6388268499663583,43.50164896008359,32.01085103991642,0.0488938937356336,0.0365239737899785,0.0349392553291429,398985.0,-1.4537719761550718,0,0,-1,0,0,0.0106143454486973,-0.1502714771509794,1.0095452963271565,0.5798001092407465,-0.1158504476040021,-0.181973203410475,1.275154227714263,0.0884455032757593,0.0
2025-03-07,33.5,33.58,0.0664860188219195,0.0,0.0182912699722513,-2.065656486709094,-0.0023852128183739,35.474000000000004,37.35625,38.46668333333333,4,7,3,34.9401827851437,37.01803723857108,29.892761394101868,-1.5235894523741251,-0.8157793704479117,43.118114532834845,31.594385467165164,0.0489418992144787,0.0362541179111876,0.0334669141283985,397095.0,-1.3385424034267346,0,0,-1,0,0,0.0,-0.7700915886450768,1.0197806004683232,0.5755162799700899,-0.1037988228999465,-0.1927710843373493,1.040857938792746,0.0713432835820895,0.0
2025-03-10,31.21,33.5,-0.0719112754669842,-0.0534535360715128,-0.028528083614538,0.823896930222591,-0.0708068825483326,34.896,36.83025,38.18201666666666,0,10,3,34.261967733299386,36.64332515866327,26.297169811320742,-1.7415143749799569,-1.0009263713543208,42.8268950927518,30.8336049072482,0.0521377103835405,0.0382926499701694,0.0353902319465821,392787.0,-1.874464775910532,0,0,-1,0,0,-0.0671641791044776,-0.646696563445383,0.969317717098472,0.6078769731762795,-0.0900874635568512,-0.2520968128444762,1.2192487472763918,0.0480615187439923,0.0
2025-03-11,31.0,31.21,-0.0004801152368773,0.0121952730938182,-0.0599616583455464,0.963177861679347,-0.0067513517975418,34.1,36.37975,37.92035,1,11,3,33.66888269088132,36.27923966455596,26.37492607924304,-1.909159093546009,-1.1825729157926586,42.714795777261855,30.04470422273815,0.0464754961574718,0.0377620815302051,0.0352733419712522,381500.0,-1.6984091951819331,0,0,-1,0,0,0.0008010253123998,-0.3178271589706246,0.8627033489026472,0.5994544603024087,-0.03125,-0.2251937015746062,0.920722294970894,0.1196774193548387,0.0
2025-03-12,33.98,31.0,-0.0075520564603869,0.0322031404946347,0.0551268382909629,0.3766738562378917,0.0917849117586395,33.602,36.15325,37.75301666666667,2,12,3,33.72544947435744,36.13090162168139,38.07574206755372,-1.7810270742624752,-1.302263747486622,42.49153158265754,29.814968417342453,0.0595478118782603,0.0442729351521561,0.0399552466630355,397950.0,-0.6857536925927459,0,0,-1,0,0,0.0,-0.0523126939547385,1.077500705797941,0.7028110573409689,0.0929559343840462,-0.1176317839522202,-0.0641203244526414,0.0921130076515597,0.0
2025-03-13,34.25,33.98,0.0956033919454081,0.0416667080718207,0.0916318117930973,0.7119361230252789,0.0079144484644483,33.229,35.940749999999994,37.50468333333333,3,13,3,33.82082229720154,36.00955312996001,40.42999475616151,-1.638803673692614,-1.3695717327278203,42.23255944185651,29.64894055814348,0.0596558033152339,0.0443601793579977,0.0375882085762319,431474.0,-0.5374447575453292,0,0,-1,0,0,0.0038257798705121,0.7197619130003994,0.9353220926345112,0.7041960161728982,0.0199523525908278,-0.1103896103896103,0.7061316728759689,0.0470072992700729,0.0
2025-03-14,35.5,34.25,0.0254717099490423,0.0405405026112887,0.0023557136924589,0.8973802014701951,0.0358461317731358,33.041000000000004,35.748000000000005,37.3055,4,14,3,34.126127334073985,35.97667873447872,46.16177228232869,-1.4089841584462164,-1.3774542178714997,41.83217654334008,29.66382345665993,0.0612355318542078,0.0449311915043084,0.0383759751373037,513714.0,-0.0815229466907803,0,0,-1,0,0,0.0216058394160584,2.4059851342372727,0.9556528988007016,0.7132605529813103,0.0597014925373133,-0.0979545165798499,0.0704444158851088,0.0845070422535211,0.0
2025-03-17,36.99,35.5,0.0253963987799191,-0.0002703067998618,0.0383719367548924,-3.197700827731742,0.0411149093629926,33.31,35.6225,37.140166666666666,0,17,3,34.64683145515144,36.042054299996224,44.79661912308505,-1.0940089352936797,-1.3207651613559357,41.480140534514064,29.76485946548594,0.0558139625977449,0.0460851822117697,0.0392081301814687,517074.0,0.4669115463615401,0,0,-1,0,0,0.0109859154929577,-0.7538044206623823,0.628030698452477,0.7315795875446424,0.1851970522268504,-0.0635443037974683,0.8965947888735346,0.0448769937821033,0.0
2025-03-18,36.627,36.99,0.0301861972478319,0.0,-0.022324911157375,-0.1206890397132956,-0.0098619324895344,33.7727,35.49135,36.99606666666666,1,18,3,35.00686209966936,36.07979273225453,43.95376561447158,-0.8637234022220994,-1.2293568095291685,41.11999913306569,29.862700866934304,0.0497576476456728,0.0461078928132053,0.0390398692535032,514096.0,0.4035248860436479,0,0,-1,0,0,-2.7034333604574115e-06,-0.7558006785904959,0.6412371142525272,0.731940107165782,0.1815161290322582,-0.0668280254777069,0.8082919399074336,0.066617522592623,0.0
2025-03-19,36.99,36.627,-0.0051470572324627,0.0002703067998617,0.054904710374767,-0.3856822337033147,0.0098619324895345,34.3627,35.39135,36.87406666666666,2,19,3,35.3674326270022,36.138515781786495,47.34953951595632,-0.6444999970837131,-1.1123854470400774,40.826003575363735,29.95669642463627,0.0474904828511736,0.0461772926105204,0.0391004847500471,516121.0,0.5883171679044895,0,0,-1,0,0,0.0047232915608702,-0.7964280601956989,0.3418036753283425,0.7330417947941863,0.088581518540318,-0.0512952038984354,0.0386048026243299,0.0135171668018383,0.0
2025-03-20,36.75,36.99,-0.0136801039040801,-0.0067796869853788,-0.0277795641070757,0.081978155422927,-0.006509380185517,34.6797,35.29685,36.73073333333333,3,20,3,35.6188085130018,36.17796637650994,48.28019218169905,-0.4845443378204948,-0.9868172251961608,40.55656843452951,30.03713156547049,0.0426668393871193,0.0461597852029675,0.0390377525117156,513923.0,0.5525580953003949,0,0,-1,0,0,-0.018653690186537,-0.7714062545817101,0.3799298536459838,0.7327638733152676,0.0729927007299269,-0.0489130434782608,0.2505053321460921,0.0340136054421768,0.0
2025-03-21,36.18,36.75,-0.0163169737139135,0.0,-0.028573372444056,0.5657066510602609,-0.0156317456916965,34.9477,35.21085,36.5534,4,21,3,35.720843328819655,36.17809757802544,55.94710869290144,-0.3991711650322713,-0.8692880131633831,40.34612889982137,30.075571100178628,0.0432831605737378,0.046093634692558,0.0390116394348799,510053.0,0.3774478539164484,0,0,-1,0,0,-0.0282312925170068,-0.6978099202226465,0.3687414960463931,0.7317137665174058,0.0191549295774646,-0.0453825857519788,1.4511032187169397,0.0621890547263681,0.0
2025-03-24,36.14,36.18,0.0149386137437923,-0.0136988443581619,0.0075079763598771,0.2172346552538351,-0.0011061948030666,35.44070000000001,35.16835,36.367066666666666,0,24,3,35.797053632670625,36.17563966976573,65.2812638417245,-0.3309252756394159,-0.7616154656585897,40.255475018898,30.081224981102,0.0342964421125891,0.0457836081864284,0.0389754226917112,505244.0,0.3820035860689296,0,0,-1,0,0,0.001934770591487,-0.6484689709425508,0.1532013755525148,0.7267922483070628,-0.0229791835631252,-0.0229791835631252,0.7660117354072161,0.0412285556170448,0.0
2025-03-25,35.2,36.14,-0.0069204428445737,-0.0069204428445737,-0.0057703564613362,0.1528130062876219,-0.026354202560031,35.8607,34.98035,36.20673333333333,1,25,3,35.68849842673051,36.11269517494214,65.13700648202712,-0.3486708007516839,-0.6790265326772086,39.74517741831423,30.21552258168577,0.0361625157854808,0.044322649092808,0.0385722064265258,499641.0,0.0921964137277032,0,0,-1,0,0,-0.0038738240177089,-0.5929119978893763,0.2175513216428988,0.7036002416829168,-0.0389603298113413,-0.0965092402464065,-0.088650203116408,0.0409090909090908,0.0
2025-03-26,35.95,35.2,0.0027739268827252,0.0030508968332564,0.0268357525455151,0.028849846050128,0.0210830015630042,36.0577,34.82985,36.1214,2,26,3,35.73604416732496,36.10219871204265,60.01182832037853,-0.2987714736943303,-0.602975520880633,39.242549580696256,30.417150419303745,0.0221636549513452,0.0446818721894102,0.0382806563867852,505408.0,0.5076937505105479,0,0,-1,0,0,0.0255681818181817,-0.5690164057687116,0.2817151419487167,0.7093027315557157,-0.0281157069478237,-0.0772587268993839,0.7417055100995756,0.0169680111265646,0.0
2025-03-27,37.22,35.95,-0.0051378298120703,0.0310821095362022,0.010095348924905,0.5894614653282484,0.0347171670470489,36.3547,34.79185,36.07873333333334,3,27,3,36.005854318720424,36.17431492416893,64.27913403961307,-0.1549612149035937,-0.5133726596852252,39.10223160601552,30.48146839398448,0.0240588408471335,0.0451527043094894,0.0388700124617979,515806.0,1.1266519867342155,0,0,-1,0,0,-0.0009735744089013,-0.3784905639245671,0.4032428753112607,0.7167769597496614,0.0127891156462585,-0.020010531858873,0.2701887439282966,0.0373401397098334,0.0
2025-03-28,36.9,37.22,0.0356912156873396,0.0,0.0176842151821707,-0.5853084917178712,-0.0086347001676231,36.4947,34.76785,35.996900000000004,4,28,3,36.168426260771255,36.22113331615804,75.73263386396526,-0.066050485481746,-0.4239082248445294,39.02254045320982,30.51315954679017,0.0224212717425762,0.0450490817398213,0.0386584993914262,510015.0,1.0022585771857813,0,0,-1,0,0,0.0,-0.5086492941010035,0.3860876465391853,0.7151320024523299,0.0199004975124377,-0.012841091492777,0.158161535484118,0.0203252032520325,0.0
2025-03-31,37.4,36.9,-0.0159786744233816,0.004286103534486,-0.0348467313301681,0.8213327608020321,0.0134591533740047,36.5357,34.92285,35.9269,0,31,3,36.39234875881285,36.29718923124462,78.20377225453905,0.0442476698827363,-0.3302770458990763,39.328950711991695,30.516749288008292,0.0185550867828361,0.0406736945077381,0.0387453445465265,523181.0,1.1244182382205463,0,0,-1,0,0,-0.0073170731707316,-0.178291398628297,0.3874545405850343,0.6456748834181326,0.03486441615938,0.0903790087463556,-0.4197922115977306,0.057754010695187,0.0
2025-04-01,37.4,37.4,-0.0005461496585782,0.0,0.0323779329290643,-1.3597620395507577,0.0,36.61300000000001,35.19285,35.865233333333336,1,1,4,36.57555807539232,36.36833831309981,70.43987568730577,0.1301593566226273,-0.2381897653947356,39.50563165335053,30.88006834664947,0.0181598354312775,0.0370105345993937,0.038733108328232,523181.0,1.0235389488291389,0,0,-1,0,0,-0.0211229946524063,-0.4960221504226836,0.2750594970704563,0.587524022637284,0.0624999999999997,0.1687499999999999,0.1516327846694206,0.0267379679144385,0.0
2025-04-02,37.0,37.4,0.0208143748952719,-0.0002673439395684,0.0030165935394257,-0.4951697266934377,-0.0107527917762617,36.614,35.48835,35.7989,2,2,4,36.6527293344119,36.4090906799966,66.18408662900188,0.1640769532806842,-0.1577364216596516,39.40958542696527,31.56711457303473,0.0183604808121336,0.0362849828918327,0.0387610222313075,521121.0,0.7710070094770631,0,0,-1,0,0,-0.0005347593582886,-0.5165427491086405,0.3017044911980414,0.5760062463481368,0.0292072322670373,0.1900932775812158,1.094537327775301,0.0237837837837836,0.0
2025-04-03,35.7,37.0,-0.0224546158316294,-0.0121050570262754,-0.0525623300908555,1.390291217406556,-0.035767223858631,36.509,35.59435,35.700900000000004,3,3,4,36.47950581906428,36.36334289419037,51.17013807629301,0.0850770423628617,-0.1091737288551489,39.41161522526314,31.777084774736853,0.0214850411519034,0.0335031573733653,0.0392374148172691,512848.0,0.0553537644179394,0,0,-1,0,0,-0.0121621621621622,-0.1584851430955933,0.2831042678049716,0.5318461352723087,-0.0408382590005372,0.0631328171530674,-0.6471634183002228,0.0644257703081233,0.0
2025-04-04,31.2,35.7,-0.0490982827685234,-0.0599827439669469,-0.1402743391402279,0.9418998065139168,-0.1347325939701568,36.011,35.47935,35.47756666666667,4,4,4,35.5195956701435,36.030223997791,24.94807892004151,-0.3367613726566603,-0.1546912576154512,39.68145975958294,31.27724024041705,0.0447047750876976,0.0443272586853973,0.0452516330471364,491629.0,-2.036762600139564,0,0,-1,0,0,-0.0252436974789916,0.4972839448987328,0.8841211324877958,0.7036734166967362,-0.1544715447154471,-0.0686567164179104,-1.7062396998196745,0.1501217948717949,0.0
2025-04-07,30.95,31.2,-0.1822870734407899,-0.1043686363483342,-0.0377275565092103,-0.8261737623263722,-0.0080450956848315,35.492000000000004,35.46635,35.27623333333334,0,7,4,34.68876009375377,35.70246761083674,25.19444201695356,-0.6833668388667462,-0.2604263738657102,39.725296807048245,31.207403192951755,0.0445409169001142,0.0415840394706345,0.0451195345112238,482341.0,-2.120876453552212,0,0,-1,0,0,-0.0705128205128205,-0.170237805688971,0.8259871058112835,0.660126161692759,-0.1724598930481283,-0.0083306632489587,-1.91114369817816,0.0759289176090469,0.0
2025-04-08,32.49,30.95,0.0826917158451134,0.0588405000229333,0.0763222675596335,-1.181755188879819,0.0485593505504038,35.221,35.54085,35.060566666666666,1,8,4,34.28898553125308,35.495211635944045,32.17115689381933,-0.8242871689303044,-0.373198532878629,39.51333045406117,31.568369545938832,0.0486109149730965,0.0429678410967511,0.0449681757239419,485190.0,-1.5359924537229808,0,0,-1,0,0,0.0177705977382875,-0.4976649108947792,1.0161710884112616,0.6820933314920659,-0.131283422459893,0.0480645161290322,-0.8843923565865082,0.0600184672206832,0.0
2025-04-09,33.29,32.49,-0.0047732787526576,0.0012022844850704,-0.0514614605361011,1.2249516231673894,0.0243247019059246,34.955,35.50635,34.871566666666666,2,9,4,34.10735179829798,35.352939917496045,36.8740515933232,-0.8614835851461322,-0.4708555433321297,39.54730149165367,31.46539850834633,0.0488351689972228,0.0374537879459881,0.0452869473434183,494888.0,-1.0969446203834563,0,0,-1,0,0,-0.0350877192982456,-0.1053618305371426,1.0787492275650603,0.5945604513746003,-0.1002702702702702,-0.0203060623896409,-1.093560536053763,0.1069390207269449,0.0
2025-04-10,29.9,33.29,-0.0242142581205946,-0.0090525663464433,-0.0852699348190922,0.9366229420452488,-0.1073985711902928,34.223,35.288850000000004,34.60223333333333,3,10,4,33.342378744061975,35.00113734217372,30.374999999999982,-1.151235950156874,-0.6069316246970786,40.023286943124745,30.554413056875266,0.0546859435880877,0.0437007736546947,0.048555042038414,470145.0,-2.2764481034331205,0,0,-1,0,0,-0.0808050465605286,0.7601994919678233,1.2344266213754953,0.6937282751486731,-0.1624649859943978,-0.127007299270073,-0.3621037187139531,0.1903010033444816,0.0
2025-04-11,31.0,29.9,-0.036609745612561,-0.0622172807553438,0.0565395817842426,-1.077457845896735,0.0361287240885054,33.633,35.06385,34.38956666666666,4,11,4,32.91649169968707,34.74299944913026,34.935521688159426,-1.277381125590857,-0.7410215248758343,40.16922163037264,29.958478369627365,0.0575670650876874,0.0437157483866695,0.0491635560304811,478569.0,-1.5919898860343626,0,0,-1,0,0,-0.0133779264214046,0.1499526930601725,0.9678652774900284,0.6939659916492041,-0.0064102564102563,-0.1267605633802817,-1.6185555378204122,0.0681290322580644,0.0
2025-04-14,31.97,31.0,0.0495969411393721,0.031123502920662,-0.0226868713501154,0.3956833290512435,0.0308107585866037,33.09,34.81285,34.3119,0,14,4,32.74440229974397,34.56409625886379,40.55002925687535,-1.2842768485024862,-0.8496725896011648,40.0122371410108,29.613462858989195,0.0588281605506311,0.0431631484534025,0.0473417021366528,491082.0,-1.0935327271849682,0,0,-1,0,0,0.0,0.734111077353395,0.9867242882150976,0.6851937396615922,0.0329563812600968,-0.1357123546904569,-2.1112399937642072,0.1169846731310604,0.0
2025-04-15,32.49,31.97,0.0317486983145802,0.0192015809668538,0.1210825908535488,-0.5036323984141768,0.0161343866092588,32.599000000000004,34.606,34.32823333333333,1,15,4,32.69814733615416,34.43028359700161,39.73902728351127,-1.2335623653306484,-0.9264505447470616,39.830607363741926,29.38139263625808,0.0594772720022799,0.043445517510243,0.0457648605382356,498644.0,-0.8100130221018161,0,0,-1,0,0,0.0009383797309978,-0.1015643307993554,0.9243761625825332,0.6896762094756307,0.0,-0.112949463510525,-2.1406973429329987,0.0223145583256387,0.0
2025-04-16,32.52,32.49,0.0,-0.0003067955231916,-0.0032995551971655,-0.3057406515295484,0.0009229349986008,32.151,34.38250000000001,34.3759,2,16,4,32.66575691139885,34.307039493969256,34.95518565941103,-1.1773779427278654,-0.9766360243432224,39.55992823783179,29.205071762168227,0.0596254017235062,0.0433291623456417,0.0454142081489042,504214.0,-0.7194691705780117,0,0,-1,0,0,-0.0150815635580179,-0.4676308282266941,0.9019496485053284,0.6878291284998732,-0.0231300690898166,-0.1208434712084346,-1.9144067714136652,0.0252152521525216,0.0
2025-04-17,32.99,32.52,0.0161193818798833,0.0215519041369278,0.0219481142752385,0.0048356859700298,0.0143492005608801,31.880000000000003,34.194500000000005,34.356233333333336,3,17,4,32.72471020023542,34.222069204035755,37.60304375396324,-1.0824485182643997,-0.997798523127458,39.28224575250262,29.106754247497392,0.0594697302624686,0.0435559456771247,0.0430688983381047,509811.0,-0.4734906414722161,0,0,-1,0,0,0.0,-0.5032400016784708,0.2270076815953437,0.6914292022794648,0.1033444816053512,-0.1023129251700679,-0.1220206651271853,0.0250075780539556,0.0
2025-04-21,35.47,32.99,0.0146522767868701,0.0914808534619583,0.0160369989098168,2.589145400179337,0.0724827835450402,32.307,34.159,34.42190000000001,0,21,4,33.223853800192614,34.302580868291514,44.563380281690144,-0.7979032595734807,-0.9578194704166626,39.19808889007808,29.119911109921915,0.0471758737521423,0.046931504552455,0.0451763461648607,584354.0,0.5203321586889826,0,0,-1,0,0,0.0003031221582297,3.959378166740445,0.4552623993466371,0.74501453819935,0.1441935483870966,-0.019624101713654,1.4980260052784715,0.0983930081759233,0.0
2025-04-22,37.76,35.47,0.0819988351660854,0.0523204455032966,0.0749950244938836,-0.1833389368999895,0.0625630724917693,32.988,34.239999999999995,34.640233333333335,1,22,4,34.04860765470305,34.52564016711142,50.89820359281437,-0.3831979627692234,-0.8428951688871748,39.4619294679672,29.018070532032795,0.0489711240571986,0.0490900658672974,0.0444570938471738,646410.0,1.3481606833614606,0,0,-1,0,0,0.0098674936566112,2.452977815863238,0.5276715614075175,0.7792806367718961,0.1811072880825774,0.0448256779192031,0.5157551999216882,0.076271186440678,0.0
2025-04-23,37.5,37.76,0.0601318410446237,0.0142029501779933,0.0394153266838605,-1.0877618668839075,-0.0069094083009347,33.489,34.355,34.8569,2,23,4,34.676133535666125,34.71753434987843,51.256281407035175,-0.0746602178340438,-0.6892481786765486,39.76390299219264,28.94609700780736,0.0485752676961039,0.0486718412208862,0.0444588172545866,625499.0,1.162897543009953,0,0,-1,0,0,0.0074152542372881,0.2729353689724972,0.5983189318526868,0.7726415263325247,0.1542012927054477,0.0653409090909089,0.4746537676109886,0.0533333333333333,0.0
2025-04-24,38.5,37.5,-0.022665554371341,-0.001282873812889,0.0,0.3082945279568055,0.0263173083173733,34.01,34.4825,35.00756666666667,3,24,4,35.37138198372683,34.96156439182176,57.14285714285714,0.2476945420762391,-0.5018596345259911,40.16310365583976,28.801896344160248,0.0486220231036633,0.0487848006154558,0.0413775057724981,653961.0,1.4144623506235792,0,0,-1,0,0,-0.0083333333333333,0.6066853205028127,0.5460975555926595,0.7744347011302022,0.1838868388683885,0.0709318497913769,0.1111752581062073,0.0506493506493507,0.0
2025-04-25,39.43,38.5,0.0411580724935075,0.0137687029818007,0.0134230203321407,-0.9313176962892964,0.0238687065957971,34.963,34.593,35.180233333333334,4,25,4,36.10931253214013,35.24985056009133,75.67061759201498,0.5716169945179033,-0.2871643087172122,40.57575803323298,28.61024196676703,0.0256840430829548,0.0484775712564117,0.0415224925719421,665176.0,1.6169799858631988,0,0,-1,0,0,0.0064935064935064,-0.2948221499024553,0.5273504471523297,0.7695575862532705,0.1952106698999696,0.0593766792047285,-0.087070230222851,0.0504691858990616,0.0
2025-04-28,39.5,39.43,0.0179032914925272,0.008321823337492,0.0501860149131705,0.3136026857833018,0.0017737240175403,35.813,34.723,35.31356666666667,0,28,4,36.725801162660105,35.52405374976286,76.97160883280758,0.8244722835304046,-0.0648369902676888,41.02148803912102,28.42451196087898,0.0267678936396985,0.0483905476222702,0.0411126072111543,680522.0,1.516871976362966,0,0,-1,0,0,0.0005072279989856,-0.1051711966394511,0.440593843197743,0.7681761288885303,0.1136171412461235,0.070460704607046,0.8639395784095208,0.009873417721519,0.0
2025-04-29,41.5,39.5,0.0195789386698133,0.06489945549067,0.0083973091857268,1.582451193787278,0.0493927553295764,36.766,34.928000000000004,35.463899999999995,1,29,4,37.59383731490372,35.909598669133,77.62109135499693,1.172726743200812,0.1826757564260113,41.83120932229146,28.024790677708552,0.0279583296773169,0.0494515958749618,0.0414147550064868,755209.0,1.9040419298247455,0,0,-1,0,0,0.0184810126582277,2.3729267721141443,0.3595842359716354,0.7850197477225004,0.0990466101694915,0.1096256684491978,0.2914213171815214,0.065722891566265,0.0
2025-04-30,40.0,41.5,-0.0668113813563508,-0.0139829271986282,-0.0551226524699166,-1.3132829925716043,-0.0368139731227163,37.517,35.05800000000001,35.57633333333333,2,30,4,38.03132143946668,36.17349552918893,69.72369194591417,1.3125531518519864,0.4086512355112063,42.24913957735879,27.866860422641224,0.0343324638527541,0.0503509558213134,0.0420077373587601,735123.0,1.3744692191929695,0,0,-1,0,0,-0.0932530120481927,-0.0519218116769142,0.5185268803121645,0.7992966442655721,0.0666666666666666,0.0695187165775401,-0.8155224704900775,0.1067499999999999,0.0
2025-05-01,41.6,40.0,0.0857704620989618,-0.0071856596608743,0.0357600415243004,0.876144767548011,0.0392207131532813,38.425,35.288000000000004,35.730000000000004,3,1,5,38.68017208683637,36.52359259182191,88.43626806833116,1.5347812138795192,0.6338772311848688,43.01495514348808,27.561044856511923,0.0339479574245849,0.0508135351337862,0.0425142475280456,783362.0,1.6337612637286911,0,0,-1,0,0,0.025,1.081742005673515,0.5478039630456322,0.8066398632002494,0.0805194805194806,0.1243243243243243,-0.91208988474639,0.0625,0.0
2025-05-02,43.2,41.6,-0.0246926125903715,0.0517619345585895,0.0253178079842897,0.4462282273697349,0.0377403279828471,39.446,35.663,35.94500000000001,4,2,5,39.50195898013885,36.954328553639854,88.80407124681935,1.819036462318408,0.8709090774115766,44.16340519158092,27.16259480841908,0.0339336321088543,0.0502518892072694,0.0428921466932144,858731.0,1.7733272309100976,0,0,-1,0,0,-0.0384615384615384,1.9190464517430776,0.5700469427605862,0.7977240105216344,0.095612477808775,0.2100840336134453,-1.1127684243153442,0.0881944444444444,0.0
2025-05-05,43.38,43.2,0.0702254448894969,0.0268003879445126,0.048790164169432,0.2947718745328148,0.0041580101486636,40.237,36.272,36.185,0,5,5,40.20705734738633,37.36888800179212,88.21165438714,2.0353727799008112,1.1038018179094236,45.1624007369275,27.38159926307249,0.0301460827239767,0.0386890918365175,0.0426967447606417,959938.0,1.5990280326680768,0,0,-1,0,0,-0.0067129629629631,2.330916502401847,0.5657457745126973,0.6141702927021887,0.0982278481012659,0.3903846153846155,-1.1885649466298265,0.0691562932226832,0.0
2025-05-06,41.89,43.38,0.0138858977291554,-0.0336716930377311,-0.0248295267245885,0.172671061428686,-0.0349513704397848,40.65,36.819,36.37666666666667,1,6,5,40.51304692058881,37.66057264683779,79.55974842767296,2.0628115155576694,1.2956037574390729,45.67682888926978,27.961171110730227,0.0303953508399613,0.040022556102557,0.0433403269090231,839656.0,1.144975831751034,0,0,-1,0,0,0.0029967727063161,2.3494865360467205,0.5914923684492451,0.6353383816829782,0.0093975903614458,0.3534733441033926,-0.0586632955029483,0.0606349964191931,0.0
2025-05-07,41.22,41.89,-0.0331806139501093,-0.023839724277084,-0.0088257498605732,-0.2832523312411052,-0.0161235594966306,41.022000000000006,37.2555,36.577333333333335,2,7,5,40.64158384411812,37.89021312123536,76.29987908101572,2.0073539834875973,1.437953802648778,46.07543310632248,28.43556689367752,0.031113820789592,0.0398056980859303,0.0431243025970335,749044.0,0.8989864100348085,0,0,-1,0,0,0.0047744091668656,1.3556278320559827,0.5219156993137548,0.6318958673921488,0.0304999999999999,0.2686980609418281,-0.1025918224072551,0.0454876273653566,0.0
2025-05-08,41.51,41.22,-0.0066746374140056,-0.0050119504237394,0.0144239146572743,-0.3270281631727074,0.0070107866026343,41.323,37.6665,36.76266666666667,3,8,5,40.79947769064209,38.12374775857501,76.03911980440097,1.9641624243616176,1.543195526991346,46.47445639121113,28.85854360878887,0.0305552996946161,0.0397234744896382,0.0430305934699686,814381.0,0.8727336579084726,0,0,-1,0,0,0.0143134400776323,0.5973738111867654,0.4334083894021853,0.6305906082660067,-0.0021634615384615,0.2469209972964854,0.2849175459364161,0.0258395567333171,0.0
2025-05-09,39.25,41.51,0.0007172743881938,-0.0102863022750976,-0.0548766102258343,0.1954183517497736,-0.0559829178365298,41.305,38.134,36.830333333333336,4,9,5,40.517754474161706,38.19640919350566,61.7100371747212,1.727654366079307,1.5800872948089382,46.16451129000829,30.10348870999171,0.0356200548612719,0.0335131273263829,0.0440116747781036,734943.0,0.2779399616531384,0,0,-1,0,0,0.0079498915923875,0.8965344301359817,0.4135795595810571,0.5320044033699134,-0.0914351851851852,0.3127090301003346,-0.4793163699789972,0.0723566878980892,0.0
2025-05-12,39.46,39.25,-0.0276247273081181,-0.0276247273081181,-0.0118649831434261,-0.1531923201635486,0.0053360563660519,41.301,38.557,36.91566666666666,0,12,5,40.325435478859575,38.27793118102142,56.04551920341395,1.5394197977261612,1.571953795392383,45.86394003202314,31.25005996797687,0.0356565022197399,0.0331343074571993,0.0439614414625469,803098.0,0.2471622857290585,0,0,-1,0,0,0.0369426751592357,0.5212965244671254,0.417769700675438,0.5259908243766148,-0.0903642231443061,0.2729032258064516,-0.4652716753912249,0.0547389761784086,0.0
2025-05-13,40.25,39.46,-0.0413852161628544,0.0033114643616896,-0.0088611473736907,0.4850664165955818,0.0198225032701031,41.176,38.971,37.010666666666665,1,13,5,40.31171993724874,38.40516142740714,59.42426319396847,1.437419269270265,1.5450468901679597,45.61469554738318,32.32730445261683,0.0319978357699999,0.032895672694737,0.0440297720637021,913801.0,0.385026674048533,0,0,-1,0,0,-0.0103902686264572,1.5076025043588084,0.4634755795284847,0.5222026149627129,-0.0391501551682978,0.2589928057553956,-1.2881955815465858,0.0654658385093167,0.0
2025-05-14,41.75,40.25,0.046042658090856,0.0231175196495849,0.057824277036938,-0.5355916336281621,0.0365894474322921,41.351,39.434000000000005,37.15566666666666,2,14,5,40.57322540320352,38.62095746434861,60.76872100728959,1.4607815986080157,1.528193831855971,45.43559417418258,33.432405825817426,0.0318650957530659,0.0333677484163062,0.0444536714688342,978598.0,0.7717949374060892,0,0,-1,0,0,0.0159006211180124,0.2139793165879957,0.5490844989957917,0.5296965847182942,0.0128578360019409,0.2850107725453985,-1.4596593555792363,0.0315209580838323,0.0
2025-05-15,41.75,41.75,0.0236840456545008,0.0109472773433587,0.0116920176496109,-0.1710789138258749,0.0,41.366,39.8955,37.31399999999999,3,15,5,40.78718442080287,38.822831176326126,58.19209039548023,1.462438334144892,1.515042732313755,45.01289438221847,34.77810561778153,0.0293609272870447,0.0333861768288636,0.0443690790880344,978598.0,0.7247829115707302,0,0,-1,0,0,0.0028742514970059,-0.1474798907185955,0.5481347305141453,0.5299891266984008,0.0057817393399182,0.2838253382533824,-1.2642953250736406,0.0311377245508981,0.0
2025-05-16,41.93,41.75,0.00286191466505,-0.0061728591070808,-0.0048959706122068,-0.5134783235557194,0.0043021098858068,41.239,40.3425,37.52166666666666,4,16,5,40.99496907156598,39.02329368107928,58.51436580238262,1.4614293567547705,1.5043200572019582,44.36477416689707,36.32022583310293,0.0263155566839638,0.033441441088241,0.0437178434759687,1011276.0,0.7893544468276034,0,0,-1,0,0,0.005748502994012,-0.8845967847294421,0.2434066669283244,0.5308664196186174,0.06828025477707,0.2709912094574112,1.183106978242396,0.0295730980205104,0.0
2025-05-19,41.71,41.93,0.0,0.0002381235872663,0.0148583905133019,0.6606143783795746,-0.0052606529738174,41.072,40.6545,37.872,0,19,5,41.12497469491762,39.19662957262256,50.84067253803043,1.426434524249636,1.4887429506114938,43.99581064735212,37.31318935264788,0.0262122466749917,0.0301975505059486,0.0359830860037763,948012.0,0.6317880085986338,0,0,-1,0,0,0.0014309563558312,0.0909489490715806,0.2750297806846991,0.4793712530523163,0.0570197668525087,0.1759233154778687,0.9586102522590318,0.015344042196116,0.0
2025-05-20,42.25,41.71,-0.0153590732264016,0.0059347355198145,-0.0087421634958659,-0.3194797219864802,0.012863445594329,41.108,40.879000000000005,38.248666666666665,1,20,5,41.32952475038714,39.39362121309852,59.75715524718127,1.4258381794179795,1.476161996372791,43.997372720034605,37.760627279965405,0.0242416027878426,0.0272189324403357,0.0358171686370182,993975.0,0.8793047676384134,0,0,-1,0,0,-0.0086310237353152,-0.425821685663023,0.2652632295039001,0.4320871571387809,0.0496894409937889,0.1189088983050847,1.4336252176793465,0.029585798816568,0.0
2025-05-21,41.48,42.25,0.0153590732264015,-0.0059347355198145,0.0,-0.36554424397976,-0.0183929704418563,41.134,41.078,38.54833333333333,2,21,5,41.35688388668038,39.52822629612443,49.43925233644858,1.3476975881177609,1.450469114721785,43.76683539650107,38.38916460349893,0.0244261822155817,0.0276163577032345,0.0354327652713981,962085.0,0.2990142130106656,0,0,-1,0,0,-0.0061538461538461,-0.9006895008788378,0.1841294271488978,0.4383960876009696,-0.0064670658682635,0.1061333333333331,-0.5157527404637149,0.0241080038572806,0.0
2025-05-22,41.25,41.48,-0.0199645837302531,0.0,0.003894844261541,0.2715125364449623,-0.0055602705806364,41.108,41.215500000000006,38.81366666666667,3,22,5,41.33745045273849,39.63930847056802,39.5498392282958,1.2527703717074132,1.4109293661189106,43.61493392447013,38.81606607552988,0.0243991084532545,0.027248840792189,0.0353960407983371,920247.0,0.0287567827129167,0,0,-1,0,0,-0.0077145612343298,-0.6158729588883026,0.1859703088203259,0.4325619375055471,-0.0119760479041916,0.0714285714285714,-0.0466425826491202,0.0203636363636364,0.0
2025-05-23,42.05,41.25,-0.0129602009662133,0.0118344576470027,-0.0129602009662133,0.188979870605248,0.0192082736382669,41.388,41.3465,39.21866666666666,4,23,5,41.46700491587694,39.79483695633783,43.31658291457283,1.2279382748422378,1.3743311478635762,43.6181678315382,39.0748321684618,0.0159066327761321,0.0270819881161137,0.0287451328098361,970788.0,0.6193687212831996,0,0,-1,0,0,-0.0150303030303029,-0.4267788756564344,0.2423070568147209,0.4299132333866615,0.0028619127116622,0.0664468678671061,0.1448392578130568,0.0444708680142686,0.0
2025-05-27,41.9,42.05,0.0492237164339171,0.0177243445945415,0.0187741708316333,0.7348164447038217,-0.003573559490865,41.63199999999999,41.4665,39.582,1,27,5,41.545731294808405,39.930653926896674,50.05807200929151,1.1825235177559392,1.335969621842049,43.57518155365864,39.35781844634136,0.0162571942416934,0.0271269395319689,0.0284797364809759,865405.0,0.411157388129908,0,0,-1,0,0,0.0149821640903686,1.3699171518291526,0.2400078791495925,0.4306268149912597,0.0045552625269718,0.0607594936708859,0.0536935837230071,0.0443914081145584,0.0
2025-05-28,41.85,41.9,-0.0191608464025006,-0.0264683445339874,-0.0075063632546879,-0.9162954764836856,-0.0011940299926076,41.792,41.484,39.91133333333333,2,28,5,41.60105287757051,40.05448270580657,53.94242803504383,1.1294774998933832,1.2946711974523155,43.59964995612353,39.36835004387646,0.0156154921210243,0.0247379980618867,0.0282781140824361,823252.0,0.3459929644227368,0,0,-1,0,0,-0.0007159904534606,-0.8288219262398009,0.2154010370487266,0.3927035448321013,-0.0094674556213016,0.0084337349397589,0.8491358693410195,0.0248410991636798,0.0
2025-05-29,39.66,41.85,-0.0454401571619083,0.0028442778122575,-0.0520846745363042,0.3278747322662381,-0.0537486738438344,41.583,41.467,40.150333333333336,3,29,5,41.24813417255768,40.02903220865777,40.64711830131445,0.9003448363270721,1.2158059252272673,43.63760845217072,39.29639154782928,0.0196092888965991,0.0262270774002849,0.0303975601443327,764743.0,-1.6649709423115064,0,0,-1,0,0,-0.0439665471923537,-0.3436779803992041,0.4189082438287886,0.4163419465031777,-0.0438765670202507,-0.0085,-1.3768008098925462,0.0818204740292485,0.0
2025-05-30,38.81,39.66,0.005483563092553,-0.0489913678414861,-0.0393489100639113,0.0427910335137552,-0.0216651777108348,41.289,41.3275,40.36,4,30,5,40.80483705027447,39.95038496938953,47.4056603773585,0.6427583353981774,1.1011964072614493,43.79977042465725,38.85522957534275,0.0201718638730943,0.0248448399154134,0.0308255201078306,703676.0,-2.036589504846757,0,0,-1,0,0,0.0143721633888048,-0.2743701297689847,0.4266064581007103,0.3943996066763706,-0.059151515151515,-0.0670673076923076,-0.7544701208195024,0.0703426951816541,0.0
2025-06-02,38.64,38.81,-0.0211010089788822,-0.0211010089788822,0.0257976928211406,-0.4640704246869281,-0.0043899360364977,40.96,41.0995,40.54833333333333,0,2,6,40.41123031386092,39.86584400362247,45.14218009478672,0.4200594148937853,0.9649690087879166,43.6832261953688,38.5157738046312,0.0198100863534651,0.0228319745474118,0.0308469418539572,665282.0,-1.9038395046723848,0,0,-1,0,0,0.014944601906725,-1.045634794770479,0.3419937812932446,0.3624463595580501,-0.0810939357907252,-0.1055555555555556,-1.5892920045461856,0.0235507246376812,0.0
2025-06-03,38.61,38.64,-0.009950330853168,-0.0079011498082325,0.0033726844786393,-0.4598970361842645,-0.0007766990681722,40.65,40.861,40.653,1,3,6,40.083733893158936,39.78482180984038,39.32291666666665,0.2384000394000978,0.8196552149103529,43.438986974774814,38.2830130252252,0.0199281519293504,0.0227505925513242,0.0279306140755069,641042.0,-1.7463237960669935,0,0,-1,0,0,0.0093167701863353,-1.4176725584612342,0.3491823167764938,0.3611544604209747,-0.0785202863961813,-0.1099585062240664,-1.551788631624898,0.0121730121730121,0.0
2025-06-04,38.74,38.61,-0.011605546120308,-0.0020491810449355,-0.0093677500036001,0.3381504598654254,0.0033613477027049,40.299,40.703500000000005,40.68566666666666,2,4,6,39.839418639857314,39.717413951141005,26.14896988906497,0.1037278786640243,0.6764697476610873,43.39900327299748,38.00799672700253,0.0190462237793406,0.0217810675607833,0.0254167765275702,675035.0,-1.4568707963886338,0,0,-1,0,0,-0.0015540015540016,-1.008195827841137,0.3626254635059917,0.3457637283319742,-0.0743130227001194,-0.0751969443781331,-1.4444757267593944,0.0193598347960764,0.0
2025-06-05,39.04,38.74,-0.0010381521825209,0.0025608208616736,-0.0012556900096016,0.0690458221634086,0.0077141035660417,40.055,40.5945,40.737,3,5,6,39.69406979624689,39.67370982526094,29.50075642965201,0.0209650418632278,0.5453688065015154,43.37696747746692,37.81203252253307,0.0193363835647777,0.0217209572145284,0.0253972665633615,711458.0,-1.1173535810130415,0,0,-1,0,0,-0.0059370160041302,-0.8216787276407856,0.1779290614631806,0.3448095061674999,-0.015632879475542,-0.0528869480834546,-1.3645427816934084,0.0230020491803279,0.0
2025-06-06,38.87,39.04,0.0118741715238002,0.0119487884060128,0.0106234400132017,0.0769396868796904,-0.0043640166807599,39.817,40.4625,40.74933333333333,4,6,6,39.544238924202006,39.62185757846992,26.818181818181785,-0.0576778079591946,0.4247594836093734,43.311779687367554,37.61322031263244,0.0193422835852754,0.0216072169827523,0.024971779974478,672122.0,-1.1178263805132511,0,0,-1,0,0,-0.0017930327868852,-0.6359094855533344,0.0830743095360283,0.343003935963445,0.0015459933006956,-0.063599132739099,0.6691772851815598,0.0246977103164394,0.0
2025-06-09,39.68,38.87,0.0007695267790285,0.0108081987166033,0.0021990824462775,1.1392227497327465,0.0206245375525402,39.58,40.484,40.757666666666665,0,9,6,39.56892275616528,39.6256087024396,35.88317107093184,-0.0540198947663981,0.3290036079342192,43.30106379428225,37.66693620571776,0.0195552093102392,0.0185204712030637,0.0248711210521181,795021.0,-0.5708070947004249,0,0,-1,0,0,0.0033444816053512,2.4237030115610323,0.1549843271359388,0.2940033658022394,0.0269151138716357,0.0109554140127388,1.147130850327216,0.0328881048387096,0.0
2025-06-10,38.99,39.68,0.0177895415634984,0.0,0.0075948102720835,-0.693171591146004,-0.017542079422166,39.289,40.4605,40.74066666666667,1,10,6,39.46366407322614,39.584601689378985,27.79291553133514,-0.1055811320681456,0.2420866599337462,43.32103712291629,37.59996287708371,0.019880671562701,0.0189143713197404,0.0250827457101297,733573.0,-1.0281285904102109,0,0,-1,0,0,0.0005040322580645,0.1989643900571707,0.2253490836710409,0.3002563363029955,0.00984200984201,-0.011910795742524,-0.1117865295547913,0.0259040779687098,0.0
2025-06-11,37.39,38.99,-0.0229309410639171,-0.0304592074847085,-0.0498230133530168,0.3433163574677296,-0.0419019140054836,38.843,40.3175,40.60366666666667,2,11,6,39.08663424173047,39.4430144836126,24.96940024479805,-0.2724102367111882,0.1391872806047593,43.49115387957976,37.14384612042024,0.0224200233444594,0.0203157578211621,0.0242557580072967,646955.0,-1.8448766696560173,0,0,-1,0,0,-0.0048730443703514,1.259258880101373,0.3778032989963032,0.3225026573436621,-0.0348477026329375,-0.071055900621118,-0.5206364221432347,0.0456004279219042,0.0
2025-06-12,36.68,37.39,-0.0475023339850032,-0.0402315331380605,-0.0274663709867919,-0.0850464699631102,-0.0191716416007583,38.545,40.064,40.49300000000001,3,12,6,38.64906437959766,39.264755484669855,23.583815028901725,-0.4566505866541916,0.0200197071529691,43.55040910121802,36.57759089878198,0.0175333272864969,0.0181569177638303,0.0236464494720792,567399.0,-1.9412523899262188,0,0,-1,0,0,-0.010430596416154,0.931460695692297,0.360044214009924,0.2882321338712769,-0.0604508196721311,-0.1214371257485029,0.4296083666114652,0.0321701199563794,0.0
2025-06-13,35.39,36.68,-0.0364677492813243,-0.0156844751239765,-0.0201518154373081,-0.2004905450989542,-0.035802353030892,38.203,39.746,40.286,4,13,6,38.05650721967081,39.014771259852445,13.566739606126944,-0.6987004267901185,-0.1237243196356484,43.71211118033017,35.77988881966982,0.0191934282791219,0.0191890446076349,0.0229477462592234,502296.0,-2.1966101311549022,0,0,-1,0,0,-0.0273991275899673,0.3493727339225433,0.3835120674237732,0.3046166395723619,-0.0895291998970928,-0.1523353293413173,1.2926154758903048,0.0372986719412263,0.0
2025-06-16,35.43,35.39,-0.0049174668815298,-0.0082102267431222,-0.0033984739591115,0.3224825640760947,0.0011296245200086,37.882,39.42100000000001,40.027,0,16,6,37.578960452457935,38.78349569470068,14.1749723145072,-0.8771873337138132,-0.2744169224512813,43.68747099332051,35.1545290066795,0.0194190428124407,0.0190941250805512,0.0214675694123921,592174.0,-1.870867049722467,0,0,-1,0,0,0.0031082226617688,1.176642862538737,0.2633340915276929,0.3031098387929982,-0.1071068548387096,-0.1550202718817076,0.390484139304203,0.0321761219305673,0.0
2025-06-17,34.93,35.43,-0.0150421454060856,-0.0004122861324119,-0.0239730134079502,0.3961799764939359,-0.01421286005864,37.514,39.082,39.745333333333335,1,17,6,37.097331279283765,38.53488306923612,13.502109704641356,-1.04691710599063,-0.4289169591591511,43.649489694051454,34.51451030594855,0.0192899738004725,0.0191245809944441,0.021417790614567,458603.0,-1.8180664995949207,0,0,-1,0,0,-0.0129833474456675,2.2823544796345647,0.2681598518662077,0.3035933114376694,-0.1041292639138241,-0.1625509470151043,0.2127828709875426,0.0561122244488978,0.0
2025-06-18,35.64,34.93,-0.002003721866903,0.0140587861169277,-0.0168489811123048,0.3367748655923866,0.0201225437838679,37.20399999999999,38.7515,39.537,2,18,6,36.83236195577763,38.34811641960798,24.87500000000001,-1.1113274163956532,-0.5653990506064516,43.31037463029418,34.19262536970582,0.0212244435559073,0.0196278491753673,0.0213339193354668,645659.0,-1.3650298603623674,0,0,-1,0,0,-0.0008588605782994,2.83305760187725,0.3341890210126451,0.311582446134638,-0.0468039582776143,-0.1564497041420118,0.4081601670801131,0.0855780022446688,0.0
2025-06-20,35.96,35.64,0.0198588086496034,-0.002306806097915,0.0169942560453708,1.5431106627741842,0.0089386070008109,36.896,38.4755,39.361666666666665,4,20,6,36.67375069109078,38.194044392536505,30.923694779116477,-1.1235995693751306,-0.6770391543601874,43.00714533847113,33.94385466152886,0.0213301929913629,0.0198441636718374,0.0213832863407649,1520917.0,-1.1101927940586198,0,0,-1,0,0,-0.0011223344556677,4.144403982144738,0.342319244811775,0.3150163323104658,-0.0196292257360959,-0.1330761812921889,-0.6601024640764688,0.0663236929922135,0.0
2025-06-23,35.82,35.96,-0.0073301709664343,-0.0123019594086491,-0.0286607454177561,-1.6956143519036535,-0.0039008129708538,36.591,38.20399999999999,39.172,0,23,6,36.51852329271064,38.04088023817931,31.048387096774206,-1.131578041716608,-0.7679469318314716,42.68612073864509,33.7218792613549,0.021339395868856,0.0198536427986706,0.0212760553944778,1360319.0,-1.063782141986946,0,0,-1,0,0,-0.0172413793103447,0.2339432815598557,0.2067453745565023,0.3151668087839462,0.012150324950551,-0.1316363636363636,0.2106851576175914,0.0811697375767727,0.0
2025-06-24,35.7,35.82,0.013770064425312,-0.0028923648013362,0.0184401863072379,-0.0417829288029113,-0.0033557078469723,36.193,37.8865,39.053666666666665,1,24,6,36.36970087585416,37.88985570668388,30.67729083665341,-1.1345061548990572,-0.8412587764449887,42.113900719367415,33.65909928063258,0.0189534064592292,0.0189002529008315,0.0190875453714358,1206293.0,-1.0344417977613347,0,0,-1,0,0,0.0002791736460077,0.1705255811155614,0.2109992246774169,0.3000322133509651,0.0076206604572397,-0.1510107015457786,0.5010870652268455,0.0610644257703081,0.0
2025-06-25,34.31,35.7,-0.0036348425312689,-0.0091451378666849,0.0055612612230986,-0.909825756970296,-0.039713831915235,35.725,37.507000000000005,38.882,2,25,6,35.995209807517035,37.65889727399459,24.80091012514221,-1.2347546064819,-0.919957942452371,41.57716409859314,33.436835901406866,0.0209608886817203,0.0200833050156463,0.0201065983128405,1144283.0,-1.5709440320133778,0,0,-1,0,0,0.0,-0.3189238985062984,0.3531134060717021,0.3188125834539391,-0.0177497852848553,-0.1811455847255368,-1.1270093451809056,0.0483823958029729,0.0
2025-06-26,35.86,34.31,-0.0312970067219148,-0.0016717752570121,0.0066909340527758,0.3753654941702717,0.0441856113066283,35.572,37.2075,38.735666666666674,3,26,6,35.9706262061503,37.54283938534978,34.16334661354581,-1.175578839414527,-0.9710821218448022,40.78363655102566,33.631363448974334,0.0252192197543409,0.0235074658141822,0.0216293516128068,1234540.0,-0.753606569980401,0,0,-1,0,0,0.0084523462547362,-0.1790232694105217,0.4796067604813472,0.3731694509860716,0.0061728395061728,-0.1431302270011948,0.2464052698941345,0.0382041271611823,0.0
2025-06-27,34.96,35.86,0.0360476094805125,0.0036186539139524,-0.0031944269940463,2.681351430104993,-0.025417917389652,35.4,36.9725,38.50933333333334,4,27,6,35.78687598685024,37.37620458629496,31.8477251624884,-1.1876140208926245,-1.0143885016543668,40.48723814252629,33.45776185747372,0.025695238798617,0.0214702465375124,0.0205338845301048,-83647.0,-1.1451777733595154,0,0,-1,0,0,0.0002788622420523,3.506350050935162,0.5067988764401038,0.3408295975530214,-0.0278086763070077,-0.118507312153303,1.047782705701566,0.0460526315789473,0.0
2025-06-30,35.41,34.96,-0.0245532300547774,-0.0036186539139525,0.010848446597746,-2.6238188462964347,0.0127897153364774,35.402,36.8025,38.298,0,30,6,35.718353080150195,37.24935267750173,29.490874159462024,-1.1476117953168696,-1.0410331603868674,40.27162927039907,33.33337072960092,0.0237395357751337,0.0215483062068267,0.0207898426777882,11955.0,-0.802795105896882,0,0,-1,0,0,0.0011441647597253,-0.285835221400423,0.5232720734221462,0.3420687563875988,-0.0114461194863205,-0.0876062870394229,0.5099775565240862,0.0312058740468793,0.0
2025-07-01,35.32,35.41,0.009950330853168,-0.0044717793913932,-0.0159516143394879,-0.2697753959270961,-0.002544890388053,35.391000000000005,36.6365,38.077666666666666,1,1,7,35.64592524739561,37.124878311211305,31.2945973496432,-1.1103723103749914,-1.0549009903844924,40.05274154822112,33.22025845177888,0.02375382292488,0.021552103213274,0.0207185233776859,-61042.0,-0.7707300443585535,0,0,-1,0,0,-0.0016944365998304,-0.3621881135019806,0.5231591857743679,0.3421290319963144,-0.0106442577030813,-0.0859213250517598,0.4858113072378078,0.0423272933182334,0.0
2025-07-02,35.49,35.32,-0.0014154284033308,-0.0012612993053264,0.0246890472801272,-0.237937986290119,0.0048015909226458,35.447,36.4805,37.87033333333333,2,2,7,35.617575202414585,37.019402291133154,38.66348448687351,-1.0549810066698058,-1.0549169936415552,39.80089613996862,33.16010386003138,0.0232583862595943,0.0216357411002537,0.0208038804410356,-3502.0,-0.5966155592563468,0,0,-1,0,0,-0.0005662514156286,-0.4164952606778175,0.4061193394708191,0.3434567422911022,0.0343923054503059,-0.0808080808080807,0.5361398278180711,0.0167652859960551,0.0
2025-07-03,35.9,35.49,0.0196359745168589,0.0125807454639427,0.0079545873984619,-0.2811687456560076,0.0114863288358278,35.473,36.3385,37.65866666666667,3,3,7,35.66892516561193,36.9471827884794,45.173267326732656,-0.9668541333205098,-1.037304421577346,39.4906840381756,33.1863159618244,0.0226406022374281,0.0218583358898723,0.0207635673897702,39935.0,-0.2782197959823371,0,0,-1,0,0,0.0143702451394758,-0.4622818029219596,0.2456898762453741,0.3469903250299191,0.0011154489682096,-0.0733092410944761,-1.4563667869360712,0.0213481894150417,0.0
2025-07-07,37.25,35.9,0.0011104942840271,0.0349331540448124,-0.0062446981246345,0.753678356393169,0.0369146493313354,35.602,36.249,37.51766666666666,0,7,7,35.95639331731885,36.96671938277106,61.42506142506144,-0.7790982737639851,-0.985663192014674,39.17150001125615,33.326499988743855,0.0254079860515666,0.0236206949503156,0.0220201998624581,132230.0,0.6850299374813329,0,0,-1,0,0,0.0038997214484679,-0.3197266950949546,0.2402197395414803,0.374966907798327,0.0655034324942791,-0.0458504098360655,1.3195365236046572,0.0609395973154363,0.0
2025-07-08,39.715,37.25,0.0397115002362279,0.0637191162472017,0.0397736091654393,0.1352364228756065,0.0640770052595269,35.991499999999995,36.291250000000005,37.4665,1,8,7,36.6397763505336,37.14402780968906,70.27922385234268,-0.4264793151511696,-0.8738264166419732,39.39227169072042,33.19022830927959,0.031881255598792,0.0281026538106886,0.0254058029880002,237890.0,2.2081432130870424,0,0,-1,0,0,0.0067114093959731,-0.2894824236383381,0.4483076286948806,0.4461157989841425,0.1215758260378425,0.0217391304347827,1.0069746133543465,0.0832179277351126,0.0
2025-07-09,38.3,39.715,0.0642884898823618,0.0134598243390973,0.0469055182542451,-0.7923433793022249,-0.0362790538984952,36.2515,36.22225,37.3415,2,9,7,36.94163519589112,37.21860666067686,64.67770034843204,-0.2582282300254377,-0.7507067793186663,39.05565315187503,33.38884684812496,0.0349613779873999,0.0288778275106014,0.0258681953057717,190049.0,1.466610918834499,0,0,-1,0,0,0.0069243358932392,-0.4575597048510491,0.603994184538008,0.4584212999812247,0.0843714609286523,-0.0347782258064516,-0.1392103005698647,0.0545691906005222,0.0
2025-07-10,38.31,38.3,-0.0405719632650459,-0.0384881268931385,-0.0145968795950121,-0.3765098214391662,0.0002610625259575,36.6515,36.18825,37.22183333333333,3,10,7,37.190428796638194,37.28901913418158,62.38404452690168,-0.1226670866360493,-0.6250988407821428,38.89531536580474,33.48118463419525,0.031154504967892,0.0286313443046208,0.0258736539431803,222880.0,1.567564660094022,0,0,-1,0,0,0.0026109660574412,-0.4990097984788603,0.6105633740197244,0.4545085003889546,0.0794590025359256,-0.0174403693254681,-0.0371976188036901,0.0292351866353433,0.0
2025-07-11,37.42,38.31,0.0023410077019736,-0.0096956353865281,-0.0310780375604725,-0.1604194627212274,-0.023505637866614,36.8075,36.18975,37.07416666666667,4,11,7,37.232169015431246,37.29746951262148,56.431718061674005,-0.0860574490901058,-0.5172905624437354,38.899650901276566,33.47984909872343,0.0304451986833572,0.0275611987663247,0.0261420681770991,194915.0,0.9079667816785948,0,0,-1,0,0,0.004698512137823,-0.5030271896019962,0.6732226260251459,0.4375204666230934,0.0423398328690809,0.0008023535704733,0.4724617724438301,0.0507749866381613,0.0
2025-07-14,37.97,37.42,-0.021534445591705,-0.0116287976671686,-0.0060499668492759,-0.0706672821598027,0.0145910533977673,37.1085,36.25425,37.01783333333333,0,14,7,37.366320103534655,37.34085857632333,59.14115646258503,-0.0125193290858476,-0.4163363157721579,39.07252359435423,33.43597640564577,0.0286698693367404,0.0273425952949337,0.0246364105055957,220972.0,1.2175893805605782,0,0,-1,0,0,0.0066809192944949,-0.4988007504994694,0.6302531564717203,0.4340502440968776,0.0193288590604026,0.0351690294438384,1.0019585593772653,0.0441322096391888,0.0
2025-07-15,38.7,37.97,0.0155409423081569,0.0173282949610705,0.0258043637973034,0.757411025684541,0.0190432257920252,37.4375,36.41975,37.01416666666667,1,15,7,37.60880735743744,37.42854511978634,62.12611156022635,0.1034722957503788,-0.3123745934676505,39.407959241951936,33.431540758048065,0.0288435309812534,0.026120298198179,0.0246010165744512,276545.0,1.5261648802816212,0,0,-1,0,0,0.0076376086383987,-0.4055468931495261,0.3784223054043834,0.4146468792193819,-0.0255570942968651,0.0935292455495904,-0.4069233103633894,0.0359173126614987,0.0
2025-07-16,39.01,38.7,0.005213776148527,0.0146175188967085,0.0024086723809115,0.248076206051342,0.0079784234828288,37.8065,36.59875,37.02649999999999,2,16,7,37.863569656085176,37.5305744668969,70.81488042515498,0.2178990981633717,-0.2063198551414461,39.761147283541405,33.436352716458586,0.0285540436457889,0.0261147134248161,0.0246255379057107,347765.0,1.5249507154267246,0,0,-1,0,0,-0.0062015503875969,-0.3538122786691201,0.2653552897617908,0.4145582236906996,0.0185378590078328,0.1010443127293254,-1.3142579783997903,0.0479364265572931,0.0
2025-07-17,42.13,39.01,0.0044104365175563,0.0760790425741036,0.0320911283181354,0.5326003046579145,0.07694205247236,38.4705,36.95875,37.14383333333333,3,17,7,38.63928426406969,37.827311598064846,74.37791601866252,0.5539554351175511,-0.0542647970896466,40.87152512905215,33.04597487094785,0.0358870472555527,0.0305599145244506,0.0285672105588569,469078.0,2.643264603479889,0,0,-1,0,0,-0.009741092027685,-0.1967546308059959,0.5960143131938902,0.4851236035145235,0.0997128687026887,0.2061265387918696,1.0830080844550485,0.0891288867790172,0.0
2025-07-18,42.72,42.13,0.0999355240916806,0.0144055896331936,0.0722664788211684,-0.2932230466115292,0.0139071186610141,39.1525,37.31275,37.276500000000006,4,18,7,39.381232579693375,38.14296891431873,80.91633466135457,0.8580000816187905,0.1281881786520407,41.939176920706124,32.68632307929388,0.0358474865376853,0.0304784312164936,0.0286339974445014,559560.0,2.33754908168946,0,0,-1,0,0,0.0132921908378826,-0.2766420063672586,0.4727787667693254,0.4838300961013808,0.1416354890432922,0.1986531986531985,2.135293934666186,0.0345271535580524,0.0
2025-07-21,42.97,42.72,0.0007024938820687,0.0223074674991563,-0.0108351291555094,-0.4603818461171889,0.0058350031349642,39.7245,37.66325,37.407500000000006,0,21,7,40.03373574702185,38.45439027468527,80.6072874493927,1.1063769404830737,0.3238259310182473,42.88235889248171,32.444141107518284,0.0353313937475107,0.0304894439031258,0.0286267648158538,616658.0,2.033584701650711,0,0,-1,0,0,0.0,-0.2929648381495893,0.4913042772338936,0.4840049170819537,0.1316829075585988,0.1949388209121245,2.0798815018462617,0.0673144053991156,0.0
2025-07-22,43.07,42.97,-0.0021089638748203,-0.006617251756069,-0.0092324338952996,0.3051474909768197,0.0023245012791154,40.06,38.02575,37.5475,1,22,7,40.58578379301788,38.752171547286224,81.35113268608411,1.296343118334207,0.5183293684814392,43.69362742225315,32.35787257774685,0.0304786384435401,0.0303784728469911,0.0285887720484244,694130.0,1.7799432218471514,0,0,-1,0,0,-0.0079124970909936,-0.2051730651407846,0.518602990270073,0.482243306178402,0.1129198966408266,0.2024008933556671,2.1437629523739306,0.0691896912003714,0.0
2025-07-23,43.22,43.07,0.0195128142235817,-0.0048192864359488,0.0314415258348188,-0.6588145982886146,0.0034766520127207,40.552,38.40175,37.6655,2,23,7,41.06473219428735,39.0404185442355,81.32090761750402,1.4423696893761573,0.7031374326603828,44.40765172466372,32.395848275336284,0.0264185932686516,0.030262323695026,0.02840743161952,734219.0,1.6045051087710844,0,0,-1,0,0,0.009287206872533,-0.3173464783079527,0.5272408023392104,0.4803994955518569,0.1079210458856703,0.2106442577030811,2.1352323141817173,0.0340120314669134,0.0
2025-07-24,43.24,43.22,0.002986105354288,0.002986105354288,0.0143019989965508,0.055314980288003,0.0004626416922677,41.045,38.84824999999999,37.807166666666674,3,24,7,41.46023543168965,39.31135928331708,80.71129707112968,1.541936151709578,0.8708971764702218,44.90092341976408,32.79557658023591,0.0264083214639423,0.028113169628622,0.0281462547189683,776588.0,1.4511769247815087,0,0,-1,0,0,0.008792225821379,-0.3054360627268357,0.0838426074022488,0.4462827324186475,0.0263470211250889,0.2602739726027396,1.5244093471777234,0.0230111008325625,0.0
2025-07-25,41.86,43.24,-0.0011474470564769,-0.0011474470564769,-0.0242320919592683,-0.098099120397223,-0.0324352757531539,41.489,39.14825,37.95616666666667,4,25,7,41.53291989865516,39.47578771665147,69.2404006677796,1.4922866717518843,0.9951750755265544,45.17200234952633,33.12449765047368,0.0278181936366744,0.0286056005327183,0.0276904447397132,738178.0,0.9003524191074133,0,0,-1,0,0,0.0071692876965771,-0.3096247422814969,0.2500217417103011,0.4540998306793778,-0.020131086142322,0.1673173452314555,-2.1500346291034296,0.0469421882465359,0.0
2025-07-28,43.86,41.86,-0.0443682674656858,0.0102799306197494,-0.0095440168726614,0.7100946604562299,0.0466720259718884,42.078,39.59325,38.1955,0,28,7,41.95602537162695,39.7586401220288,67.99826313504121,1.5959255501696248,1.1153251704551683,45.62919868922444,33.55730131077556,0.0300992142243362,0.0287891336720603,0.0284407446214786,816311.0,1.413779413869814,0,0,-1,0,0,-0.0047778308647874,0.5257243567890418,0.4504757207781783,0.4570133289436038,0.0207121247381893,0.2545766590389016,0.6089928612882611,0.0640674874601003,0.0
2025-07-29,38.535,43.86,0.0152456502194063,-0.0386935793854288,-0.0666285892180328,0.2535445998630221,-0.1294358237597856,42.0615,39.7495,38.30033333333333,1,29,7,41.33402075860387,39.67969559802694,50.76175040518638,1.2341505910932753,1.13909025458279,45.48374147234495,34.01525852765505,0.0524331740505308,0.0414134893409667,0.0361080556714692,715630.0,-0.4235956946903199,0,0,-1,0,0,-0.0355677154582763,1.322834308500604,1.0036563983828104,0.6574187623177329,-0.1052937079173439,0.0882519062411748,-1.1480120690334266,0.0984818995718178,0.0
2025-07-30,36.32,38.535,-0.080712750857267,-0.0475329816858534,-0.0677702415691726,-0.133041988914153,-0.0591983654968639,41.7925,39.7995,38.33,2,30,7,40.42238062067589,39.46294104331552,44.35621100397051,0.7599491206933706,1.063262027804906,45.38667035999278,34.212329640007226,0.0554440064012487,0.0437039666267706,0.0377865338200557,627491.0,-1.2455320943550032,0,0,-1,0,0,0.0125859608148438,0.8297658170879061,1.005882701853692,0.6937789620090093,-0.1596483109671448,0.0283125707814269,-0.2695929115652003,0.1199063876651983,0.0
2025-07-31,37.535,36.32,-0.0509965944973108,-0.0431575990667941,0.0227875337263223,-0.7291052022520694,0.032905277291873,41.333,39.90175,38.41683333333333,3,31,7,39.89740232600754,39.3385577501984,50.32024505708715,0.4766864402296988,0.9459469102898648,45.225486593389306,34.578013406610694,0.0490380679988767,0.0442553878973248,0.0381040007373114,670004.0,-0.8891311425658774,0,0,-1,0,0,0.0209251101321585,-0.7502900182311908,1.0971424597835768,0.7025325033061153,-0.1319380203515264,0.0576218653141729,-0.3698754026286797,0.0484880777940587,0.0
2025-08-01,37.14,37.535,0.0115298233961415,-0.0301979096863888,-0.0079030251913187,0.0249260863627762,-0.0105792751004058,40.775,39.96375,38.46683333333333,4,1,8,39.39605644855162,39.19671531470173,47.6685393258427,0.2178146941088243,0.8003204670536567,45.1174240854414,34.810075914558595,0.0482926277715608,0.0443260518092837,0.038039811529225,626418.0,-1.0958201675875463,0,0,-1,0,0,-0.0006660450246436,-0.7131861134144878,1.1002779638345666,0.703654258132376,-0.1127568084089822,0.0345403899721448,-0.6710084696188533,0.0258481421647819,0.0
2025-08-04,37.75,37.14,0.004787243185248,0.0325231917055601,0.0256597467805777,-0.0624818724432325,0.0162909197704738,40.253,39.98875,38.526500000000006,0,4,8,39.09677345790587,39.103378842785496,47.31334841628958,0.0611736999217029,0.652491113627266,45.09159634194256,34.88590365805743,0.0488586706061537,0.0436956777815534,0.0381105298771039,667364.0,-0.8774514653121002,0,0,-1,0,0,0.0148088314485728,-0.7251681642813055,0.9929394751624724,0.6936473806704058,-0.1393068855449156,0.0134228187919462,-0.8852247290028489,0.0331125827814569,0.0
2025-08-05,37.78,37.75,0.0037076313658939,-0.0221796437109753,-0.0158584159344579,-0.0752734121075859,0.0007943863783297,39.724,39.892,38.59183333333333,1,5,8,38.85736010192298,39.01799956260579,46.46551724137932,-0.0598546995117601,0.5100219509994608,45.08920309397303,34.69479690602696,0.0488120260377965,0.0409708708357841,0.0380937055027811,705341.0,-0.8127448405659524,0,0,-1,0,0,0.0021192052980132,-0.7522801249341373,0.5466981546189941,0.6503924113754032,-0.0195925781756842,-0.0487221452851568,-1.0167227272285158,0.0262043409211223,0.0
2025-08-06,37.24,37.78,-0.0015873019205722,0.0013183917532584,0.0089009353669591,-0.5808120709649792,-0.014396409664497,39.126,39.839,38.643166666666666,2,6,8,38.56329462884607,38.903289913405416,33.50202429149796,-0.1970723378198968,0.3686030932355892,45.125414166223166,34.55258583377683,0.0485126188655245,0.0403126525630505,0.0382038357862753,684095.0,-0.9832752101059192,0,0,-1,0,0,-0.0002646903123345,-1.2738921448926002,0.314581397373654,0.639943520227094,0.0253303964757709,-0.0276762402088771,0.681179196620727,0.0190655209452202,0.0
2025-08-07,37.41,37.24,-0.0013246789591088,-0.0060790460763823,-0.0200711918204206,0.5137583425788212,0.0045545959511882,38.543,39.794,38.7465,3,7,8,38.3536046963286,38.80694862866959,31.56249999999997,-0.2887719423311665,0.2371280861222381,45.150079280888285,34.43792071911171,0.0486625245176693,0.0403290029546467,0.0374087202667337,719609.0,-0.8902034025174559,0,0,-1,0,0,0.0128893662728248,-0.76929779640358,0.1951389837789809,0.6402030746471066,-0.0033302251232183,-0.0234925606891153,0.3458294617432638,0.032611601176156,0.0
2025-08-08,38.1,37.41,0.0026476054650548,0.0279720236866189,0.0355258026418656,-0.064039312166966,0.0182762337726006,38.167,39.828,38.82116666666666,4,8,8,38.30749475154158,38.76133903972317,33.59164420485176,-0.3022827784316604,0.1292459132114584,45.12897647409892,34.52702352590107,0.0491211455444183,0.0401630036443985,0.036695303323333,752920.0,-0.6519553551852821,0,0,-1,0,0,0.0109596364608394,-0.8668123868641274,0.2101789185666865,0.6375679172907566,0.025848142164782,0.0181721004810262,-0.6693230431376503,0.0254593175853018,0.0
2025-08-11,38.56,38.1,0.0071137172602012,0.0041162908648814,0.0034314406113274,-0.0476800363907419,0.0120011876096896,37.637,39.8575,38.94116666666666,0,11,8,38.35340479671584,38.74834942425716,35.16447368421052,-0.2727282166479199,0.0488510872395827,45.1213773981886,34.593622601811404,0.0457823111875588,0.0401225461105511,0.0363506666980107,784680.0,-0.4929826064894648,0,0,-1,0,0,-0.0002624671916009,-0.9444205734733176,0.1974053114165088,0.6369256738514405,0.021456953642384,0.0155385830919148,-0.6939590263105004,0.0259336099585062,0.0
2025-08-12,39.81,38.56,0.0233534225039931,0.033079647894888,0.0107483530523695,0.3524247407284962,0.031902667269881,37.764500000000005,39.913,39.087833333333336,1,12,8,38.61824028822205,38.81684300978896,39.539877300613504,-0.146749819619103,0.0097309058678456,45.14882336560281,34.677176634397185,0.0267445760703838,0.040534493875973,0.0366900666851094,829859.0,-0.039344337196958,0,0,-1,0,0,0.0111514522821576,-0.4286904139675052,0.2744699479253326,0.6434651418941716,0.0537321334039173,0.0286821705426356,-0.3968827343385862,0.0477241899020345,0.0
2025-08-13,39.17,39.81,0.0387372376457111,0.0066840204285717,0.0157742624566092,-0.347712936817279,-0.0162069893344859,38.0495,39.92100000000001,39.21616666666667,2,13,8,38.71856023581804,38.83962733173806,37.97281323877069,-0.0974305647433126,-0.011701388254386,45.15150022766292,34.69049977233709,0.0180229171061085,0.0407109153086809,0.0368634513797686,797949.0,-0.2871618267132989,0,0,-1,0,0,0.0180859080633006,-0.8331452332333488,0.2847736200684765,0.6462657453154931,0.0518259935553169,0.0041015124327097,-0.5135463636250295,0.0398263977533827,0.0
2025-08-14,39.09,39.17,-0.0387372376457112,-0.0156661167443994,-0.0008985303216683,-0.2765254856672051,-0.0020444678728764,38.205,39.769,39.33616666666667,3,14,8,38.78609473839658,38.8557804071098,41.13316261203587,-0.0640615694446893,-0.0221734244924467,44.90504250679274,34.63295749320726,0.0157449501574896,0.0362217373472629,0.0368803027087105,773748.0,-0.2644059114004508,0,0,-1,0,0,-0.0045953535869287,-1.0976850034273824,0.2967459255804644,0.5750022544533486,0.0449077786688052,-0.0721576074056491,-0.2072132445170464,0.024686620619084,0.0
2025-08-15,38.55,39.09,0.0063914317026563,-0.0141955194049328,-0.0142268307490877,0.0974453010959052,-0.013910579795525,38.346,39.560500000000005,39.4245,4,15,8,38.74316842232447,38.836052638909166,31.249999999999982,-0.0802646464107894,-0.0337916688761152,44.52793172018899,34.59306827981102,0.0161163748663,0.03606482473911,0.0369894226649179,747070.0,-0.4068500814588198,0,0,-1,0,0,0.0038372985418265,-0.9149589948508908,0.3193251783088178,0.5725113440208912,0.0118110236220472,-0.0976123595505618,0.8575415699269041,0.0247107652399482,0.0
2025-08-18,37.91,38.55,-0.0132112483942299,-0.0102872154619354,-0.0168137416882736,0.505564036161383,-0.016741170481095,38.362,39.3075,39.4465,0,18,8,38.59168325462911,38.77630730736664,46.7018469656992,-0.1430987990604606,-0.0556530949129843,44.05429559503624,34.56070440496375,0.0166288850432703,0.0360759497359204,0.0365649965150004,702840.0,-0.5888182762541433,0,0,-1,0,0,0.0045395590142672,-0.0906095796937942,0.3299436454280053,0.5726879478702716,-0.0168568464730292,-0.1177565743542006,1.8362044991447295,0.0313901345291481,0.0
2025-08-19,38.11,37.91,-0.0005165956462557,0.0029492872567454,0.0035702517262894,-0.5895879697507772,0.0052617853575253,38.395,39.0595,39.39300000000001,1,19,8,38.504104481060175,38.73331973914944,61.99731903485255,-0.1747426645374261,-0.0794710088378727,43.48609058537484,34.63290941462516,0.0166965483605417,0.0361160365060908,0.0344663779795128,727368.0,-0.4289983370664933,0,0,-1,0,0,0.0209707201266157,-0.9006985454899952,0.1552613732414452,0.5733243056186792,-0.0427028384827933,-0.1151613652194102,0.8644252965346734,0.0307006035161373,0.0
2025-08-20,39.13,38.11,-0.0066100947050236,0.0030682713920451,0.007015985015883,-0.1233328988903582,0.0264127213365522,38.584,38.855,39.42066666666666,2,20,8,38.61790366632196,38.75891201404303,60.977288368891976,-0.1161759760702452,-0.0868120022843472,42.82683902785104,34.883160972148964,0.0175460091561552,0.0367880453572092,0.0341724159620789,749050.0,0.1384748969289356,0,0,-1,0,0,0.0089215429021255,-0.9665046046414486,0.2766413319892421,0.58399211541204,-0.0010211896859841,-0.0946321147616843,0.9765472262982676,0.0261512905698951,0.0
2025-08-21,38.54,39.13,0.0254218337827814,0.0068693820566947,0.0008725649638409,-0.2518944058889384,-0.0151927732361008,38.697,38.620000000000005,39.42833333333333,3,21,8,38.60373936335433,38.74478865829832,59.38337801608576,-0.1160319782561174,-0.0926559974787012,42.01349687676804,35.22650312323197,0.0186757749842778,0.0368465606524844,0.0343029532920089,732196.0,-0.0471490046433739,0,0,-1,0,0,0.0079223102478915,-1.0922599450538797,0.2971731692927306,0.5849210169271906,-0.0140700946533641,-0.108695652173913,1.2761314022707897,0.0326933056564607,0.0
2025-08-22,39.95,38.54,-0.0119884103838168,0.0329206786200894,0.0199669540191558,1.3235658381448066,0.0359320092260633,38.882,38.5245,39.51266666666666,4,22,8,38.84851402456263,38.822544228730685,63.31719128329296,-0.0021182252307454,-0.0745484430291101,41.62930256173742,35.41969743826259,0.0210572236361014,0.0373986684755756,0.0345960033820009,795513.0,0.91825484658342,0,0,-1,0,0,0.0111572392319667,0.9014415604538152,0.3817012029462548,0.5936854569079447,0.0363164721141375,-0.0456282847587194,0.2098773129665986,0.0453066332916143,0.0
2025-08-25,39.97,39.95,0.0360376656164866,-0.0070883605239013,0.0076726719116601,-0.8271908665434187,0.0005005005109484,39.023,38.33,39.57933333333334,0,25,8,39.052420565551245,38.89657363332871,63.27272727272723,0.0887500225837953,-0.041888749906529,40.3117243953058,36.348275604694194,0.0209399339401787,0.0355597860441333,0.0345243754718557,823200.0,1.655124197779209,0,0,-1,0,0,0.011264080100125,-0.5749705288558266,0.3297561323771474,0.5644941032846531,0.0543392244790292,-0.0886912904696762,0.1195772990675408,0.0305754315736802,0.0
2025-08-26,41.41,39.97,-0.0039682591756205,0.0273671199052283,0.0196777287760647,0.2583247885322924,0.0353932248342437,39.183,38.47375,39.66966666666667,1,26,8,39.48107137181465,39.05873017311396,72.78688524590157,0.273803492836393,0.0212496986420554,40.88798165286329,36.05951834713672,0.021511552174002,0.0236240045815082,0.0349420486840784,859048.0,2.432450917887348,0,0,-1,0,0,0.0067550662997248,-0.0621646301936384,0.3673652264381298,0.3750194465647283,0.0865914458147467,0.0746074996756196,-0.7366159609566296,0.0377928036706109,0.0
2025-08-27,41.08,41.41,0.0167574152919419,0.0096896505475173,0.0141388936032047,0.1065620920697299,-0.0080010124971184,39.374,38.71175,39.73866666666667,2,27,8,39.77178566784835,39.189134678074346,69.70998925886141,0.3893433513780522,0.0948684291892547,41.17009620276201,36.25340379723799,0.0208055815004827,0.018997855956329,0.0349826994105458,819169.0,1.9267017780809013,0,0,-1,0,0,-0.0118328906061336,0.499449437442468,0.3909624304950383,0.3015816138232431,0.0498338870431893,0.1310572687224669,0.3875369628510524,0.0340798442064264,0.0
2025-08-28,40.99,41.08,-0.0114286958236228,-0.0170492783853695,-0.0048120519841186,-0.0590320067023142,-0.0021932505441112,39.564,38.8845,39.70066666666666,3,28,8,39.99327918278501,39.305319537553416,66.59012629161882,0.4682495841228942,0.1695446601759827,41.47660522041198,36.29239477958802,0.0208111895828454,0.0179649636814835,0.0317622705087374,781576.0,1.6245482501403703,0,0,-1,0,0,-0.0152142161635832,0.316027230397813,0.347101666275932,0.2851849572810765,0.0635703165542294,0.0920474224057548,0.518171504123119,0.0215881922420102,0.0
2025-08-29,39.725,40.99,0.0119173349733405,-0.0027162067434462,-0.023921967331685,-0.7371129939427967,-0.0313474220934665,39.6815,39.01375,39.60083333333333,4,29,8,39.94450114955137,39.33239569642094,56.1219127693116,0.4238228481352593,0.220400297767838,41.49502063162632,36.532479368373686,0.0230921619343369,0.0193835164240755,0.0321146831927021,763588.0,0.5732949811555385,0,0,-1,0,0,-0.0012198097096853,-1.3461346007139183,0.3818864809889126,0.3077037839522388,-0.0056320400500625,0.069601507808293,0.6912555491255586,0.043499056010069,0.0
2025-09-02,40.2,39.725,-0.0454737350665269,-0.0106937223558927,-0.0191944472561471,0.446918435428454,0.0118862832021957,39.9105,39.13625,39.5085,1,2,9,39.99095548599658,39.38837016761959,52.231121281464524,0.4220774242345797,0.2607357230611863,41.59664550735943,36.67585449264058,0.0221099836168235,0.019252619189312,0.0321847735091043,791712.0,0.8646983761904613,0,0,-1,0,0,-0.0152297042164884,-0.3783819016057598,0.3930297794717876,0.3056258547692977,0.0057543157368027,0.0649006622516557,0.2279857479093069,0.0507462686567163,0.0
2025-09-03,40.09,40.2,0.0222456089473197,-0.0070201655388568,0.0250076823809357,0.2999096694048122,-0.0027400689705597,40.10850000000001,39.25175,39.40916666666666,2,3,9,40.00896357945175,39.43363660841833,55.60292326431181,0.4071249989649885,0.2900135782419468,41.66040823098402,36.843091769015984,0.0222876709918154,0.019293180535101,0.0321762157927192,753752.0,0.6960306690397899,0,0,-1,0,0,-0.0049751243781095,0.5182473625994288,0.2470680120564378,0.3062697461720961,-0.0318763583675438,0.0611434621492854,-0.9334997879492938,0.0193315041157395,0.0
2025-09-04,38.415,40.09,-0.0232686269393543,-0.0302388010313855,-0.086278507773977,1.0988844679920635,-0.0426789183348174,40.037,39.310500000000005,39.249,3,4,9,39.71915201955142,39.36791811755264,46.55787863335031,0.2571523011159868,0.2834413228167549,41.56493399361832,37.05606600638169,0.0252909612256322,0.0214585409472561,0.0329682424076082,639841.0,-0.7944344367898297,0,0,-1,0,0,-0.0251933150411575,3.662163433419829,0.3542839879988678,0.3406437770684167,-0.064873417721519,0.0315520945220193,-0.4092375054229222,0.0741897696212417,0.0
2025-09-05,39.34,38.415,-0.0061601837514577,0.0375043954584542,0.0605186045613809,-0.468436966381426,0.0237938046413147,40.117,39.407,39.119,4,5,9,39.65021528872389,39.36611694867828,53.87634936211976,0.2105109874039215,0.2688552557341882,41.476552201755815,37.33744779824418,0.02598626898149,0.0220282604318226,0.0333428656439656,711147.0,-0.0647483063661308,0,0,-1,0,0,0.0110633866979045,1.456957441412127,0.443263483168784,0.3496877935078027,-0.0402537204196145,0.0515904838278538,-0.2032891694728661,0.0528495170310116,0.0
2025-09-08,40.31,39.34,0.0216486233718497,-0.0073891961823709,0.013971947460554,-0.565480989882326,0.0243577641681614,40.153000000000006,39.5175,39.06733333333333,0,8,9,39.770176145319546,39.42701262940872,61.40684410646389,0.2489485793684949,0.2648739204610496,41.52838747100764,37.50661252899236,0.0244702675890228,0.0223033243897191,0.0332265797542116,751655.0,0.7882091976065544,0,0,-1,0,0,0.0088967971530247,0.0649206811395691,0.4370210680762522,0.3540542984711891,0.0147262429200756,0.0580052493438321,-1.435586558755322,0.0306375589183825,0.0
2025-09-09,39.31,40.31,0.0202027073175194,0.0012353306079925,-0.0019143646966996,-0.6307061226941686,-0.0251206376953054,40.087,39.555,38.91566666666666,1,9,9,39.686507755261445,39.41946342751138,55.30035335689047,0.19645440122828,0.2511900166144957,41.518109777878685,37.591890222121314,0.025818598836231,0.0230315932366277,0.0322015631529944,730096.0,-0.2496039730032236,0,0,-1,0,0,0.004713470602828,-0.7504281033904612,0.4676615715267761,0.3656152080102859,-0.022139303482587,0.0194502074688796,-0.2613403526690669,0.0345967947087255,0.0
2025-09-10,38.86,39.31,-0.0379967711179875,-0.0191954042859859,-0.0125981869344992,0.2950876737587177,-0.0115134954844749,39.832,39.5075,38.9265,2,10,9,39.53623361794118,39.38336901283323,48.744186046511615,0.1171902513893243,0.2243900635694614,41.49050277357418,37.52449722642582,0.0223053028689065,0.0219679422420874,0.0233013433113362,701137.0,-0.6530500195246244,0,0,-1,0,0,-0.008140422284406,-0.38702652931379,0.4701229287678273,0.3487302719303642,-0.0306809678223997,-0.023863350916855,0.0309548872386591,0.0277920741121975,0.0
2025-09-11,40.345,38.86,-0.0023109523701054,0.0256191720837887,0.0064474755909697,0.4177175136371803,0.0375020273511757,39.758500000000005,39.56625,39.06066666666667,3,11,9,39.68328205104278,39.4454097216827,57.75010734220695,0.1722147465139087,0.2139550001583509,41.5765861201034,37.55591387989661,0.0263008748890446,0.0233169314167556,0.0215699672529049,745111.0,0.7747460658070886,0,0,-1,0,0,0.0010293360782295,0.2484916528903699,0.4259989051023889,0.3701448111953067,0.0502407913575426,0.0299974470257848,-0.5355726076436961,0.0461271533027637,0.0
2025-09-12,39.25,40.345,0.024379064160248,-0.0149787762698707,0.0025673955052459,-0.9091303641108164,-0.0275160270720524,39.584500000000006,39.57425,39.11783333333334,4,12,9,39.60450349630773,39.43280264286447,46.91085613415709,0.1260121173777477,0.1963664236022303,41.57786850292565,37.570631497074345,0.027529308445855,0.0241900761175664,0.0215280668829546,727395.0,-0.3236644096932962,0,0,-1,0,0,-0.0120213161482215,-0.8851333667774703,0.4730043679789259,0.3840055536168213,-0.0022877478393493,0.0040931184446149,0.5536920499879532,0.0294267515923567,0.0
2025-09-15,39.76,39.25,-0.0215552912660835,-0.001370631327902,-0.0025673955052458,0.6777034072193868,0.0129099375599557,39.588,39.63475,39.20516666666666,0,15,9,39.63277558788813,39.45391214977644,49.11167512690355,0.1290612014747338,0.182905379176731,41.58038066490366,37.68911933509635,0.0262351280583312,0.0240987896497442,0.0214952423553108,762284.0,0.128750026671888,0,0,-1,0,0,-0.0061146496815287,-0.1551633568217673,0.4406811814212772,0.3825564258652841,-0.0136442570081866,0.0313878080415046,0.8541215605368042,0.0301810865191147,0.0
2025-09-16,39.72,39.76,0.0290534518649086,0.00149514107095,0.0025673955052459,-0.2236165916102951,-0.0010065426114013,39.54,39.72525,39.270833333333336,1,16,9,39.64863457190847,39.471079107855374,41.89059500959694,0.126788418912831,0.171681987123951,41.49337262911311,37.957127370886894,0.0259189086096341,0.0237206118892141,0.0213408440210833,734386.0,-0.0059385021305192,0,0,-1,0,0,0.0100603621730381,-0.4246861405237994,0.3945433063181152,0.3765530400308564,0.010429916051895,0.0477446584014773,0.5217603162015476,0.0292044310171197,0.0
2025-09-17,40.0,39.72,-0.0085021767474234,0.0160556740342407,0.0157723951407583,-0.1988601784530856,0.0070246149369644,39.53099999999999,39.81975,39.34483333333333,2,17,9,39.71251919519784,39.505203036380834,44.7926711668274,0.145899048883848,0.1665253994759304,41.41827390792675,38.221226092073245,0.0260262796164245,0.0237344465078579,0.0213600479535493,757253.0,0.2255205556903817,0,0,-1,0,0,0.0025176233635448,-0.6395907862205314,0.3752535530482868,0.3767726577933448,0.0293360782295419,0.0495932826029914,-0.0983397779429366,0.0297500000000001,0.0
2025-09-18,41.08,40.0,0.0225956230242709,0.0184516038468316,0.0197432378199775,1.047810656927056,0.026641930946421,39.7975,39.91725,39.47283333333333,3,18,9,39.96115206879823,39.606802840485294,50.39612676056336,0.2453629436032045,0.1822929083013852,41.57539885688284,38.25910114311717,0.0225965337138131,0.0237470667794354,0.0215947371124501,822456.0,1.4024675711996817,0,0,-1,0,0,0.0182499999999999,1.0899327459198305,0.3188521263432604,0.3769729983937784,0.0182178708637996,0.0498338870431893,-0.8398103169839559,0.0282375851996106,0.0
2025-09-19,41.02,41.08,0.0080694899304665,0.0064740664921213,-0.0016098077899123,0.338855349822078,-0.0014616324161227,39.9655,40.041250000000005,39.59316666666667,4,19,9,40.15366987447128,39.69797685077657,56.37616937469228,0.3157080127582148,0.2089759291927512,41.63542649092359,38.447073509076425,0.0218784444796209,0.0234031743468747,0.0216125205479914,730954.0,1.227906703646049,0,0,-1,0,0,-0.0004868549172345,1.8904677636754323,0.1866963647739047,0.3715138752679031,0.0450955414012739,0.064348728593669,0.9944633397314324,0.0364456362749879,0.0
2025-09-22,40.57,41.02,0.0058280883761995,-0.0129903197896804,-0.009588517520117,-0.994421830607808,-0.0110308754258788,39.9915,40.07225,39.67549999999999,0,22,9,40.22936626093104,39.75423640879099,51.82625863770976,0.3313264229194601,0.233446027938093,41.68298201730824,38.461517982691774,0.0211011799477777,0.0222391486760733,0.0215689984380772,697104.0,0.6180419767551533,0,0,-1,0,0,0.0068259385665527,-0.3236042289360293,0.2269014054610667,0.3530355406000889,0.0203722334004023,0.0155193992490612,1.177405524006829,0.0330293320187329,0.0
2025-09-23,40.73,40.57,-0.009732436918231,0.0003631301861606,-0.0146208805693732,-0.2787218431039251,0.0039360444419653,40.1335,40.11025,39.74783333333333,1,23,9,40.320390577125394,39.817188898546405,53.14341846758347,0.3525508021293291,0.2572669827763402,41.74648275593108,38.47401724406892,0.0190798365816586,0.0222483613730347,0.0214931725691816,722720.0,0.7575328115801385,0,0,-1,0,0,0.0081340892284939,-0.6462738760376385,0.2225320909342588,0.3531817876304732,0.0254279959718026,0.0190142606955217,0.91469719931221,0.0475079793763809,0.0
2025-09-24,40.0,40.73,-0.0039196522500961,-0.0027873737976668,0.006202158986465,0.0738011971651905,-0.0180854675463847,40.2475,40.039750000000005,39.75416666666667,2,24,9,40.26213774492078,39.82898316315632,58.58148348673526,0.3069282980672057,0.2671992458345134,41.55739178215752,38.52210821784249,0.0197498244970773,0.0210383197317534,0.0209999690714818,695142.0,-0.0523839030624148,0,0,-1,0,0,0.000245519273263,-0.5480086428040958,0.2735986905516818,0.333972972077296,0.0,-0.0340497464380583,0.9963977759280336,0.039375,0.0
2025-09-25,40.275,40.0,-0.019331457018307,-0.0144239146572743,-0.0092540433491296,-0.1762770579555835,0.0068514749491017,40.2405,39.9995,39.791,3,25,9,40.26447633675336,39.85775844295269,55.44554455445543,0.2896237345078063,0.271684143569172,41.4418077268566,38.55719227314339,0.0156050475285827,0.0210606584474757,0.0207971931777642,718263.0,0.3820266575156354,0,0,-1,0,0,-0.0009999999999999,-0.6821484735554039,0.1646299952654779,0.3343275881957553,-0.0195959104186952,-0.0195959104186952,-0.5057337416342065,0.0335195530726257,0.0
2025-09-26,40.68,40.275,-0.0022547923870892,0.0113853222251254,0.0154179725449486,0.3895233628006477,0.0100056421173211,40.3835,39.984,39.84400000000001,4,26,9,40.340026093707294,39.91080628534284,52.306733167082285,0.3050731649440763,0.2783619478441528,41.38763288047864,38.58036711952135,0.0125722004803209,0.0211950193698977,0.0208506575620634,752396.0,0.9917123055177574,0,0,-1,0,0,-0.0100558659217877,-0.2454700032473584,0.1932289427123111,0.3364605017156779,-0.0082886396879571,-0.0075628202000488,-0.6474725753622687,0.029621435594887,0.0
2025-09-29,39.37,40.68,0.0371735109241334,0.0073980083940652,-0.0156727171648461,0.6078575263033748,-0.032732466224713,40.3445,39.96625,39.87133333333333,0,29,9,40.16365771303324,39.87591555725621,50.36014405762303,0.2091993777936522,0.2645294338340527,41.39247016090479,38.5400298390952,0.0163873190408584,0.0212991302744533,0.0215752657560711,689711.0,-0.8361261694992931,0,0,-1,0,0,0.0172074729596854,0.7833254200366345,0.2917470515224949,0.3381132110890226,-0.0295785062854326,-0.0089364380113279,-0.8749945279869239,0.0541021082042164,0.0
2025-09-30,39.27,39.37,-0.0444737321429774,-0.0444737321429774,-0.0154046691949864,-0.4181075015233409,-0.0025432363657278,40.2995,39.91975,39.91666666666666,1,30,9,40.00117449248174,39.83682423098161,52.56892230576444,0.1237233408206037,0.2363682152313629,41.37424385300315,38.46525614699685,0.0163959753160683,0.021108282302761,0.0213327077369047,648446.0,-0.8934379456584622,0,0,-1,0,0,0.0053340106680213,-0.0813321262559301,0.2814851251221251,0.335083593461109,-0.0358458138963907,-0.0231343283582089,-0.6752497149633537,0.0236822001527883,0.0
2025-10-01,39.8,39.27,-0.017329689550019,0.0111803187083587,0.0019050406608242,-0.1240183564107671,0.0134060437004735,40.2795,39.90525,39.97299999999999,2,1,10,39.964597312030506,39.8344484741441,46.12099644128112,0.0976241854619885,0.2086194092774881,41.35837901952006,38.45212098047995,0.0168683425901989,0.0213470105430091,0.0214368120082799,684898.0,-0.1448598143539485,0,0,-1,0,0,-0.0094219505984213,-0.2681785291988641,0.2938143852170297,0.338873286788857,-0.0050000000000001,-0.0072337241207285,-1.7125080707882243,0.0326959798994974,0.0
2025-10-02,39.39,39.8,0.0178348676360343,-0.0023763378076484,0.004028163897983,-0.1079486920729956,-0.0103549353075773,40.1105,39.954,39.98166666666667,3,2,10,39.8601250734795,39.80577437903803,51.104100946372256,0.0433570502327356,0.1755669374685376,41.25397004014172,38.654029959858285,0.0140279786144625,0.0191645254737709,0.0210043599165748,652176.0,-0.8677123050289944,0,0,-1,0,0,-0.0050251256281405,-0.3370928320881559,0.2906019094438345,0.3042274103889612,-0.0219739292364989,0.0253807106598984,-0.9064518498717022,0.0266565118050265,0.0
2025-10-03,40.71,39.39,0.0016400684935313,0.0316743466900609,0.0199892071617278,0.1934294897862894,0.032961785532073,40.0795,40.0225,40.054,4,3,10,40.01464778739232,39.864111515874285,56.64335664335669,0.1056451118026089,0.1615825723353519,41.33059825801981,38.71440174198019,0.0184287453855144,0.0198548648884598,0.0216309896815879,691881.0,1.0511442787802991,0,0,-1,0,0,0.0069814673775069,0.1187372292295968,0.39319034511859,0.3151862088579182,0.0007374631268437,0.0348246059989831,0.0739308368199179,0.0380741832473594,0.0
2025-10-06,40.97,40.71,0.0408774574974715,0.0080952535362662,0.0136465341552163,-0.1177358134997387,0.0063663290438921,40.1195,40.0555,40.088,0,6,10,40.18834818968462,39.93545916001143,58.48032564450477,0.1739831074849576,0.164062679365273,41.42595094384168,38.68504905615832,0.0181594916833904,0.0191608927705062,0.0206489735006936,727176.0,1.334597205554028,0,0,-1,0,0,0.0149840334070252,-0.1164878645062398,0.2667674929122166,0.3041697430124098,0.0406400812801626,0.0163731084098237,0.7980431019817753,0.0327068586770807,0.0
2025-10-07,41.87,40.97,-0.0111950548619617,0.0101766816621473,0.008666638373745,0.0511686230663263,0.0217294884722721,40.2335,40.1835,40.15133333333333,1,7,10,40.49410306428741,40.06026824646231,61.70212765957449,0.2973364305126154,0.1907174295947415,41.72793687574493,38.63906312425506,0.0193266910278939,0.0186958084865516,0.0209983786376978,764324.0,2.183967537276716,0,0,-1,0,0,-0.0026848913839394,-0.0568898952163615,0.261816030042283,0.2967867588882392,0.066208301502419,0.0651233782752478,-0.3371194316786736,0.0337950800095533,0.0
2025-10-08,42.01,41.87,-0.0026957497026042,0.0060566659822475,0.004673480403944,-0.3717318165225963,0.0033381051502387,40.4345,40.341,40.17133333333333,2,8,10,40.76972068896242,40.18605739185184,56.59574468085109,0.4017604137335695,0.2329260264225071,41.95791258755454,38.72408741244545,0.0178937681113459,0.0183704084823656,0.0199826312594348,789939.0,2.0644282354486925,0,0,-1,0,0,-0.0267494626224026,-0.7115619313997743,0.2704127481443024,0.2916211939620667,0.0555276381909548,0.0810602161605764,0.2173651786241101,0.0352297072125683,0.0
2025-10-09,41.29,42.01,0.0220855961459541,-0.0126297401410963,0.0051401410443806,0.0622789919901539,-0.0172873452832918,40.536,40.38825,40.17833333333333,3,9,10,40.86431692733289,40.257279495603335,51.75097276264589,0.4215597121119856,0.2706527635604028,42.05995658153269,38.71654341846731,0.0191875774947706,0.0170790171110125,0.0201884507986573,762678.0,1.0788376500536836,0,0,-1,0,0,-0.0083313496786479,-0.5653670349621559,0.3062912486063266,0.2711209914789366,0.0482355927900481,0.0234229768248854,-0.2259564577736768,0.0179220150157423,0.0
2025-10-10,39.62,41.29,-0.0154816831885911,0.008596041469798,-0.033514369097427,0.1327469979099314,-0.041286298627594,40.43,40.40675,40.132666666666665,4,10,10,40.63807748599963,40.21616468943538,44.68085106382976,0.2990485104186007,0.2763319129320424,42.03298968907374,38.78051031092627,0.0232417299221446,0.0184491392139972,0.0215198465505127,731547.0,-0.9675695474485888,0,0,-1,0,0,-0.0065391135868248,-0.394119641468851,0.383139447779081,0.2928710055806789,-0.0267747482191108,0.0094267515923567,-0.6938874292441174,0.0618374558303887,0.0
2025-10-13,40.64,39.62,-0.0327085649510898,-0.0282116358980028,-0.002780939726749,-0.0803666602186607,0.0254187619998216,40.557,40.45075,40.16316666666667,0,13,10,40.6384270339997,40.2435089030202,49.5403472931563,0.2810235118221484,0.2772702327100637,42.05071800954951,38.85078199045049,0.0221832100245812,0.019107388083092,0.0212832642750412,760274.0,0.2365672299326629,0,0,-1,0,0,0.0020191822311965,-0.514647751809083,0.4403270992280093,0.3033203824311645,-0.0080546741518183,0.0221327967806841,-0.613616087690052,0.0342027559055118,0.0
2025-10-14,41.66,40.64,0.0067779850300872,0.0244002925515411,0.00706360151875,0.2184330626586916,0.0247886325625993,40.79600000000001,40.54775,40.21183333333333,1,14,10,40.82416757327248,40.334895425406,58.23412698412698,0.345066336148875,0.2908294533978259,42.19569121957088,38.899808780429126,0.0230648178728679,0.019822014633031,0.0216490898458395,796014.0,1.349866107833175,0,0,-1,0,0,-0.0164862204724409,-0.1268107534995577,0.4511804805539254,0.3146647272197007,-0.0050155242417004,0.0488418932527692,-0.5752642011533691,0.0508881421027363,0.0
2025-10-15,41.22,41.66,0.0421321191694732,0.0049994152457444,0.0232323014932686,-0.5221278286308685,-0.0106178603705129,40.938,40.60875,40.249500000000005,2,15,10,40.89613710540475,40.39199894634754,54.61200585651539,0.3562102431154201,0.3039056113413448,42.26163225135517,38.95586774864483,0.0234664908878979,0.0200031055865736,0.0217477779114679,774811.0,0.7396171136798687,0,0,-1,0,0,0.0007201152184349,-0.9782452757301864,0.4541587112779076,0.3175394569862445,-0.0188050464175195,0.0304999999999999,-0.0943944428770161,0.0338427947598252,0.0
2025-10-16,39.21,41.22,-0.0435090987949432,-0.0359951443604679,-0.0430349287894482,0.2121509380969403,-0.0499917591580726,40.92,40.51525,40.276,3,16,10,40.58956672260389,40.315740949809,43.79746835443037,0.2005399680252111,0.283232482678118,42.2646362833645,38.76586371663549,0.0286144916124669,0.0220296927161867,0.0222545489998269,748597.0,-1.492237606310333,0,0,-1,0,0,-0.0316593886462882,-0.6077420750896044,0.5578226888796568,0.3497105303172075,-0.0503753935577621,-0.045520934761441,-0.0070707629256745,0.0413465952563122,0.0
2025-10-17,39.62,39.21,-0.0229341695791971,0.0061061997628174,0.0002563773889186,0.5951305874674226,0.0104022249661645,40.81099999999999,40.44525,40.28533333333333,4,17,10,40.41328186394863,40.27085443691809,51.141552511415526,0.1089972742306102,0.2483854409886165,42.2214300376985,38.66906996230151,0.0264540427320364,0.022208175362775,0.0219019715517947,796130.0,-0.929241385990724,0,0,-1,0,0,-0.0051007396072431,1.4603682104788878,0.4950853034645099,0.352543854494486,0.0,-0.0341296928327646,-1.2049010422076123,0.0469459868753154,0.0
2025-10-20,38.81,39.62,0.0245613055536889,-0.0220169685039319,-0.0128974789669964,-0.3777869927293631,-0.0206560958895898,40.595,40.35725,40.23533333333333,0,20,10,40.121776070503415,40.17660576356855,48.027444253859336,-0.028581728306257,0.1929920071296418,42.27607495567708,38.43842504432292,0.0268229184798822,0.0225196980776883,0.0217317065869213,763552.0,-1.612705729537513,0,0,-1,0,0,0.0090863200403836,-0.1060091566322624,0.4528841043007564,0.3574891242829369,-0.045029527559055,-0.0433818092186344,-0.3390549103478375,0.0378742592115433,0.0
2025-10-21,38.82,38.81,-0.0366826660860336,-0.0146135127683658,-0.0091326979714829,-0.2299735635815486,0.0002576323600491,40.29,40.26174999999999,40.21900000000001,1,21,10,39.88508951223007,40.08908281108026,45.60143626570916,-0.1352481066094242,0.1273439843818286,42.28949252232499,38.23400747767499,0.0252218463805919,0.0224837885842223,0.021262947282382,789437.0,-1.4220247236783186,0,0,-1,0,0,-0.0069569698531307,-0.8122397504703176,0.3605139884732066,0.3569190787464315,-0.0681709073451751,-0.0468941811932236,-0.9206377738442064,0.0319422977846471,0.0
2025-10-22,38.97,38.82,0.0067235836430073,-0.0030503328176229,0.0062696130135953,0.0075434295277742,0.0038565416097536,39.986,40.21025,40.22266666666667,2,22,10,39.71870960091551,40.01688392004283,48.06985294117646,-0.2053115299910004,0.0608128815072628,42.316772389852574,38.103727610147416,0.0252466419590345,0.0222057614365344,0.0211671679761073,815518.0,-1.177533175981855,0,0,-1,0,0,-0.0005151983513653,-0.7791545644865883,0.3825760721175003,0.3525055346033906,-0.0545851528384279,-0.02575,-1.209181290152474,0.0225814729278933,0.0
2025-10-23,39.12,38.97,-0.0018057531025669,0.009249353238097,0.0077821404420551,-0.0367468767195376,0.0038417258159987,39.769,40.1525,40.18183333333333,3,23,10,39.60985330983996,39.95902044133039,41.81256436663231,-0.245898981016559,-0.0005294909975015,42.31415506766962,37.99084493233037,0.0252003195469103,0.0221590613070405,0.0199395620962463,840658.0,-0.9552865445022968,0,0,-1,0,0,-0.0061585835257891,-0.8981496802140339,0.1872088015016638,0.3517641930303798,-0.0022953328232594,-0.0286778398510242,-1.680103878576813,0.0241564417177914,0.0
2025-10-24,39.25,39.12,0.0133369507017566,0.0060354766387305,0.0038710507771814,0.6173763616158724,0.0033175990618008,39.732,40.081,40.18183333333333,4,24,10,39.5444254353236,39.91327718705101,41.02296450939456,-0.2645256280477852,-0.0533287184075582,42.26368690042021,37.8983130995798,0.0219724062787973,0.0220295340379025,0.0193196881440159,887269.0,-0.7614468202837692,0,0,-1,0,0,0.0033231083844581,1.2505167092306726,0.1668855351097801,0.3497080113775355,-0.009338717819283,-0.0351524090462143,-2.128700674484687,0.0263668789808917,0.0
2025-10-27,38.23,39.25,-0.0025510217916053,-0.0096996414560166,-0.0200214408897531,-0.2280578831732878,-0.026330896520096,39.491,40.024,40.130833333333335,0,27,10,39.305438992537496,39.80467865885417,31.23711340206184,-0.3574721392198583,-0.1141574025700183,42.340316495055454,37.70768350494455,0.0211233896770223,0.0216143683074997,0.0197347058720633,850163.0,-1.5490111164252225,0,0,-1,0,0,-0.0025477707006369,0.5634575086092773,0.2059123400641874,0.3431174597244019,-0.0149446019067251,-0.0289560579121158,-2.164709816163036,0.0371436044990845,0.0
2025-10-28,38.53,38.23,-0.0229954584247053,-0.0145355102847118,-0.0126851595273156,0.4879551790492692,0.0078166109297448,39.178,39.987,40.091166666666666,1,28,10,39.164450084803406,39.72244132602487,32.352941176470594,-0.4022880993778059,-0.1717835419315758,42.37651305323528,37.597486946764725,0.0188986266416373,0.0217061928015219,0.0198025071751096,910608.0,-1.219495326068463,0,0,-1,0,0,0.000784724038713,2.810542679133116,0.2199082393632422,0.3445751283770841,-0.0074703760947965,-0.0188439011968424,-2.136200966390008,0.0345185569685958,0.0
2025-10-29,38.18,38.53,0.014788179731469,0.0213476975972349,-0.0160834350525739,0.0713294562795362,-0.0091253403404646,38.874,39.90599999999999,40.0305,2,29,10,38.98545916029369,39.622928982410365,33.614330874604846,-0.4607360670300124,-0.2295740469512632,42.42834143521298,37.383658564787005,0.0188787985792912,0.0215139577304252,0.0198004302163008,845694.0,-1.368569675702331,0,0,-1,0,0,0.007786140669608,2.5249776380070794,0.2195161017003199,0.3415234912287648,-0.0202720041057222,-0.0407035175879396,-1.2918206206403156,0.0725484546883184,0.0
2025-10-30,37.18,38.18,-0.0140043782543727,-0.0223757110519434,-0.0067823896844292,0.1771759089991516,-0.0265408360043036,38.67100000000001,39.7955,39.9005,3,30,10,38.65719385842211,39.46532066096454,36.16780045351475,-0.5810501605805527,-0.2998692696771211,42.59177929483799,36.999220705162,0.0141502284566753,0.0221270284781922,0.0195533408504466,768197.0,-1.8707001155630505,0,0,-1,0,0,0.002881089575694,2.660915036443821,0.2528275522614366,0.3512556876368442,-0.0495910020449896,-0.0561056105610561,-0.0231526219947415,0.057557826788596,0.0
2025-10-31,36.27,37.18,-0.0340006190911385,-0.0260499231371464,-0.0203415479980619,-0.1434890233260788,-0.0247800289984868,38.336,39.5735,39.74216666666667,4,31,10,38.22315861143627,39.25917094090232,24.91389207807116,-0.7412842776291981,-0.3881522712675366,42.74403058817119,36.40296941182882,0.0141644741645644,0.020904930858654,0.0199332557196849,701059.0,-2.0838783340081366,0,0,-1,0,0,-0.0045723507261969,1.719005979304774,0.2369354595905402,0.3318554893619908,-0.0759235668789808,-0.1090641120117906,1.2657941662554826,0.0518334711883099,0.0
2025-11-03,35.75,36.27,-0.0213006414910788,-0.0371010293629639,-0.0307369466893823,0.2177131222645741,-0.0144406841547944,38.03,39.3125,39.581500000000005,0,3,11,37.77349340935695,39.03277281568281,14.00730816077953,-0.8998576254293624,-0.4904933420999018,42.838486983885375,35.786513016114625,0.013726939434592,0.0207955675610378,0.0199838441885303,617591.0,-2.020710805956744,0,0,-1,0,0,-0.0011028398125174,2.200192492807844,0.2184018022022654,0.3301194008336889,-0.0648705205336123,-0.1274103002196729,0.9399912868284692,0.0444755244755243,0.0
2025-11-04,35.0,35.75,-0.0155775055361856,-0.0071468143668616,-0.006259527117784,-0.098068328975169,-0.0212022076506029,37.648,38.969,39.3905,1,4,11,37.26922188038296,38.77259392434844,13.497652582159615,-1.0736702754103575,-0.607128728761993,42.77347880101482,35.164521198985184,0.0139326094118116,0.0198898177256557,0.0201589562538838,541920.0,-2.086488167021091,0,0,-1,0,0,-0.0022377622377621,1.5737648991502866,0.1138360033580351,0.3157410679469373,-0.0916169218790553,-0.1640792930499163,0.611122203427281,0.0442257142857142,0.0
2025-11-05,35.255,35.0,-0.0073157332469879,-0.0030390961366013,-0.0015024782177052,-0.518488835360392,0.0072593016815902,37.2765,38.63125,39.23233333333334,2,5,11,36.90299972031333,38.54565238084209,20.76866223207688,-1.1772708384962058,-0.7211571507088356,42.49787898877624,34.76462101122376,0.014352541333545,0.0200347770182784,0.0201203057848483,586976.0,-1.7463532238548471,0,0,-1,0,0,0.0117142857142856,0.039017944376035,0.2166663027151242,0.3180422253779811,-0.076610790990047,-0.1607950487979051,1.6809347934497594,0.0422635087221671,0.0
2025-11-06,34.24,35.255,0.0053513717341725,-0.0150546473060976,-0.0162936394861003,0.1644590738987305,-0.0292128118974625,36.7885,38.27875,39.03116666666666,3,6,11,36.41881795298363,38.26786835627164,13.500678426051609,-1.3259918399053987,-0.8421240885481482,42.40173802607532,34.15576197392467,0.0145940138675974,0.0204629803308106,0.0205053840523342,533866.0,-1.95913738990141,0,0,-1,0,0,0.0097858459792936,0.3807339469403544,0.2251817102535793,0.3248397422311876,-0.0790747713824636,-0.1707435214337611,1.5228532650663449,0.0441004672897195,0.0
2025-11-07,34.08,34.24,-0.0424619152345064,0.0377611350905558,-0.017458647318791,0.1294017136034309,-0.0046838493124264,36.2715,38.00175,38.81116666666666,4,7,11,35.99357832516842,37.99768330102831,14.806547619047665,-1.440163657648711,-0.9617320023682608,42.47485945069505,33.52864054930495,0.0137886825849589,0.0190983512380524,0.0203030478010315,473419.0,-1.7534782205656192,0,0,-1,0,0,-0.0035046728971963,0.678252557413559,0.2235398220292622,0.3031769269634966,-0.0603804797353185,-0.1398283695103482,0.4188961588616538,0.101819248826291,0.0
2025-11-10,34.29,34.08,-0.0011730206623633,-0.057047041977139,0.0092111778887739,-0.4656028515957969,0.006143064513714,35.877500000000005,37.68425,38.64183333333334,0,10,11,35.68383681150144,37.75847792676842,17.268786127167687,-1.496450253799189,-1.0686756526544463,42.268937643610656,33.09956235638934,0.0144015641942833,0.0177692878780348,0.019776454718671,511365.0,-1.4806897498154816,0,0,-1,0,0,0.0,-0.4909044983715904,0.2566785073311906,0.2820787001999694,-0.0408391608391608,-0.15625,-0.4041018793294097,0.0323709536307961,0.0
2025-11-11,33.75,34.29,0.0055596339254026,-0.0034423441909729,-0.0239460708546931,0.8350060156791584,-0.0158733491562901,35.3995,37.28875,38.45783333333334,1,11,11,35.33223011850117,37.49986644762208,14.295485636115004,-1.5665727977484352,-1.1682550816732442,41.79337437828908,32.78412562171092,0.0128726419911658,0.0159855520788653,0.0198802755552818,423906.0,-1.5711631882363828,0,0,-1,0,0,-0.0005832604257799,1.7668344800982925,0.2425685947129328,0.2537627722244959,-0.0357142857142857,-0.1898703792606816,-0.6282710134672929,0.053037037037037,0.0
2025-11-12,35.42,33.75,0.0277695708924682,0.0244122256545656,0.002118324290389,-0.2592203078247362,0.0482962150361486,35.1235,36.99875,38.31183333333333,2,12,11,35.348188278773684,37.36568151551742,29.048697621744125,-1.4704400581331925,-1.228692076965234,41.172371266201175,32.82512873379881,0.0236799997621678,0.0208435961218829,0.0219978667431787,491394.0,-0.7565372607165028,0,0,-1,0,0,0.0439999999999999,0.7419351986895538,0.4746999840040531,0.3308818306006365,0.0046801872074881,-0.1407083939835031,1.2418974469254307,0.0728402032749858,0.0
2025-11-13,35.59,35.42,0.0038240964384034,0.0366179934093684,0.0564191913339231,0.0113741391821969,0.0047880671674138,34.9645,36.81775,38.18516666666667,3,13,11,35.392154046269376,37.251121417742105,29.368658399098152,-1.364803979424572,-1.2559144574571015,40.90059018146327,32.73490981853674,0.022938523934022,0.0185578951800363,0.0220130599942887,559654.0,-0.601419573351991,0,0,-1,0,0,-0.0014116318464145,0.7001730124874399,0.3935874280799344,0.294597453019082,0.0394275700934578,-0.092323386891099,1.527582496922332,0.0559145827479629,0.0
2025-11-14,35.36,35.59,0.0033869634410158,-0.0279623481368301,-0.0025747403724691,-0.2017651509821129,-0.0064834617526587,34.8735,36.60475,38.00683333333333,4,14,11,35.38630785603858,37.12911358433939,32.24009900990106,-1.2848349265397587,-1.261698551273633,40.51278689445528,32.69671310554473,0.0218442521257407,0.0182145562159521,0.0208996277426355,503866.0,-0.6370205981248831,0,0,-1,0,0,-0.0028097780275358,0.0450885724626381,0.3974054179703311,0.28914711593289,0.0375586854460094,-0.1075214538112063,1.529166466801231,0.0299773755656109,0.0
2025-11-17,34.55,35.36,-0.0070691655904263,0.0081678311078431,-0.0138450437665121,-0.0429992632680576,-0.0231736875557638,34.7535,36.39175,37.79283333333333,0,17,11,35.23425188221338,36.962719159543305,26.83352735739234,-1.272154501327556,-1.2637897412844177,40.2578527227895,32.52564727721049,0.0225253459554774,0.0183287746191973,0.0210584383351933,450426.0,-0.9527682692668454,0,0,-1,0,0,-0.0033936651583709,-0.1327529752561075,0.4538253242979538,0.2909602768736921,0.0075823855351413,-0.1097655243493945,1.5525647987863376,0.0531114327062228,0.0
2025-11-18,33.89,34.55,-0.0157303400863205,-0.035505027325962,-0.02024420023261,0.2664439092788235,-0.0192875645947187,34.6425,36.14525,37.526833333333336,1,18,11,34.989842449083675,36.76447921376632,25.898876404494416,-1.3003717807045732,-1.2711061491684488,39.988060751739766,32.30243924826024,0.022367907001311,0.0185113401627795,0.0205432428201398,380670.0,-1.1737502290368995,0,0,-1,0,0,0.0040520984081042,0.6552830723979165,0.4625536639676282,0.2938584150314202,0.0041481481481482,-0.1269963936115404,1.518456196445608,0.0371791088816759,0.0
2025-11-19,33.35,33.89,-0.0173007150090421,-0.006449323679907,-0.0146293100159591,-0.4986572847449489,-0.0160622132573272,34.452,35.86425,37.238166666666665,2,19,11,34.69168927652301,36.54419023223301,27.3104265402844,-1.3507372072170014,-1.2870323607781593,39.65895999516049,32.06954000483951,0.0223872323169563,0.0184512223162608,0.0205158673346082,338304.0,-1.3251342016683734,0,0,-1,0,0,0.00604898200059,-1.0049856252856686,0.177082689935145,0.2929040738039475,-0.0584415584415584,-0.1442134975622273,0.9235540196479876,0.045727136431784,0.0
2025-11-20,32.74,33.35,-0.0036729638001237,0.0114368651909461,-0.0183630624632662,0.0837507047670306,-0.0184602004186438,34.302,35.54525,36.95316666666667,3,20,11,34.33683668079155,36.29875860434701,28.316953316953345,-1.423465251268425,-1.3143189388762129,39.25937591544659,31.8311240845534,0.0213879695418221,0.0183924709402604,0.0205356743846645,292237.0,-1.510584220278211,0,0,-1,0,0,0.018590704647676,-0.9397124495731928,0.0978887372102793,0.2919714246234687,-0.080078673784771,-0.1630879345603271,1.320441805014566,0.0772755039706778,0.0
2025-11-21,32.99,32.74,-0.0436224974928825,-0.0049875415110389,-0.0038364199589869,0.4159954989037532,0.0076069132975012,34.193,35.23225,36.73216666666666,4,21,11,34.09195728428399,36.08529030729236,32.46505717916142,-1.444281066393977,-1.3403113643797655,38.67714626304776,31.78735373695224,0.0217137537672611,0.0185653629202883,0.0197364956908268,362069.0,-1.3017808542172131,0,0,-1,0,0,-0.0067196090409284,0.592457706413864,0.1936508992240186,0.2947159997204572,-0.067024886877828,-0.1594904458598726,1.9972687751860692,0.075174295240982,0.0
2025-11-24,32.06,32.99,0.0143492005608801,-0.0482902891277809,-0.0179961418927435,0.0110652576949629,-0.0285953380590831,33.97,34.92375,36.44616666666666,0,24,11,33.722510505323264,35.8255941584348,31.73913043478265,-1.518318744154513,-1.3759128403347152,38.34328963506668,31.504210364933314,0.0227875970490221,0.0186808366852414,0.0192041030906119,291460.0,-1.6749330644586318,0,0,-1,0,0,0.0,0.5707272978163556,0.2121868498287596,0.2965490889105665,-0.0720694645441387,-0.1613915772953177,1.5211440548703437,0.043980037429819,0.0
2025-11-25,33.83,32.06,-0.0285953380590831,0.038528511925827,-0.011651840216966,0.2242957148620343,0.05373883561121,33.977999999999994,34.68875,36.18516666666667,1,25,11,33.742054049809944,35.6968461482132,42.55096706743333,-1.4178261128369414,-1.3842954948351605,37.68452575402826,31.692974245971744,0.0296056706585158,0.0233048437711358,0.021612921270947,379823.0,-0.5733072636329916,0,0,-1,0,0,0.0,1.6367173685138845,0.5318222669274889,0.3699529257698282,-0.0017704337562703,-0.1219828704905269,1.495959155340703,0.0913390481820868,0.0
2025-11-26,33.91,33.83,0.0478093785707714,-0.0107325178126309,0.0548504697917324,-0.648776608128343,0.0023619733449301,33.827,34.47525,35.9415,2,26,11,33.772589677117224,35.58156575155428,48.08806488991886,-1.3165532408606495,-1.3707470440402585,36.994049787284325,31.95645021271568,0.0242267624937747,0.0233715552173619,0.021661904501332,426009.0,-0.4488248751278778,0,0,-1,0,0,-0.0059119125036948,-1.1197142145394865,0.5126158569645797,0.3710119371477229,0.0167916041979008,-0.1118386589837612,1.151807532602054,0.0277204364494248,0.0
2025-11-28,33.86,33.91,0.0035618915663605,0.0034934533345599,-0.0082800623606132,-0.1922262471522695,-0.0014755794325579,33.654,34.30925,35.76316666666666,4,28,11,33.78848246309591,35.47049699338949,48.70892018779344,-1.2261935463964662,-1.3418363445115,36.49279678881627,32.125703211183726,0.024051638369805,0.0228768356031152,0.0201287750150581,387900.0,-0.4114864882227164,0,0,-1,0,0,-0.0047183721616041,-1.4619787331600949,0.4799325407705658,0.3631585067397074,0.0342089187538179,-0.0892953200645508,1.0036234727868347,0.0394270525694032,0.0
