date,close,YesterdayClose,YesterdayOpenLogR,YesterdayHighLogR,YesterdayLowLogR,YesterdayVolumeLogR,YesterdayCloseLogR,MA10,MA20,MA30,DayOfWeek,DayOfMonth,MonthNumber,EMA10,EMA30,RSI,MACD,MACD_Signal,BollingerUpper,BollingerLower,Volatility_10,Volatility_20,Volatility_30,OBV,ZScore,insider_shares,insider_amount,insider_buy_flag,sentiment,num_articles,overnight_gap,abnormal_vol,volatility_5d,volatility_20d,momentum_5d,momentum_20d,skew_5d,intraday_range,sentiment_change
2023-11-29,20.65,21.15,-0.0392207131532812,-0.0319894591198844,-0.0361746701779072,0.269012581968043,-0.0239245860852452,21.113,20.584,19.898,2,29,11,20.941671354601063,20.36851189333078,61.2377850162866,0.4346794140822005,0.4048145240424966,21.84013274527684,19.32786725472316,0.0108279232433475,0.0174002996981347,0.0179115814888524,187001092.0,0.1050844351413777,0,0,-1,0,0,-0.0307328605200944,2.399176108789335,0.2227820613685048,0.2762211944355404,-0.0222537878787879,0.0891350210970463,-0.7462487276424791,0.0196125907990315,0.0
2023-11-30,20.42,20.65,-0.0053803015579986,-0.0133319148319085,-0.0064055405026678,-0.356291819581236,-0.0112005066705221,21.059,20.6325,19.96066666666667,3,30,11,20.84682201740087,20.37183370666428,61.84210526315795,0.3667634673192559,0.3972043126978485,21.773946450812524,19.49105354918748,0.0109277995168206,0.0169633933151719,0.017323219566646,185802557.0,-0.3723345932675737,0,0,-1,0,0,-0.0125907990314769,0.9290111132442364,0.2161171772176351,0.2692855206223224,-0.0358829084041547,0.04987146529563,0.1141532578026501,0.0127326150832516,0.0
2023-12-01,20.54,20.42,-0.0088670531708341,0.0029239786914352,-0.0019792188549079,-0.4286258771780746,0.0058593917638925,21.021,20.6505,20.034666666666663,4,1,12,20.791036196055256,20.382683144944004,62.21498371335508,0.3189459766380942,0.3815526454858977,21.7730998959506,19.5279001040494,0.0112513027922847,0.0148783834239654,0.0170864084003223,186583287.0,-0.1968644401243815,0,0,-1,0,0,-0.0102840352595495,-0.1968936885971962,0.2069131831261114,0.2361870147028691,-0.0379391100702577,0.0178394449950445,0.0513409644301356,0.0175267770204478,0.0
2023-12-04,20.38,20.54,0.0044433546322118,-0.0051225871256379,0.0054334537229955,0.1176165109623079,-0.0078201767058334,20.945,20.642000000000003,20.105666666666664,0,4,12,20.716302342227028,20.382510038818587,56.862745098039206,0.2650838859148159,0.3582588935716814,21.77036350995538,19.513636490044625,0.0104931264013746,0.0144149205804712,0.0171639188090336,185705112.0,-0.4643893527013553,0,0,-1,0,0,-0.0116845180136318,0.1269676770518298,0.1716832041827016,0.2288297701480429,-0.0507685142058687,-0.0082725060827251,0.5940421265280894,0.0071148184494602,0.0
2023-12-05,19.92,20.38,-0.0168906151644237,-0.0212563613720686,-0.0214098294840161,-0.11990159900665,-0.0228297756381264,20.818,20.634,20.142,1,5,12,20.571520098185747,20.352670681475452,33.08270676691724,0.1831681865058101,0.3232407521585071,21.78125117704468,19.48674882295532,0.0117985778664221,0.0143903597394763,0.016979169720656,184926164.0,-1.244714347278794,0,0,-1,0,0,-0.0206084396467123,-0.059950315794321,0.1920073856825475,0.2284398788844641,-0.0581560283687941,-0.0079681274900397,0.6524031989011453,0.0072791164658634,0.0
2023-12-06,19.66,19.92,-0.0233158053136168,-0.0097854181467449,-0.0193095430442562,0.4386777444158469,-0.0131381374374317,20.672,20.614,20.170333333333332,2,6,12,20.405789171242883,20.307982250412525,26.61870503597113,0.0961610922508207,0.2778248201769699,21.816022856455287,19.411977143544707,0.0119438497127228,0.0146707295459123,0.0171938857092586,183718284.0,-1.58732422578602,0,0,-1,0,0,-0.0210843373493976,1.1979323745004105,0.16367785657432,0.2328906115822295,-0.0479418886198546,-0.019940179461615,0.6301900380091949,0.0167904374364192,0.0
2023-12-07,19.75,19.66,0.0066445427186685,-0.0010146365973024,0.0056280527170023,-0.5542379754219948,0.0045673766281104,20.529,20.6035,20.22133333333333,3,7,12,20.286554776471448,20.271983395547203,29.328621908127104,0.0340767751877884,0.2290752111791336,21.83293333119856,19.37406666880144,0.0121154396138222,0.0146865885296647,0.0160291776512706,184412223.0,-1.3884445432562535,0,0,-1,0,0,-0.0015259409969481,-0.4556094312228358,0.1909454259940075,0.2331423651445606,-0.0328109696376103,-0.0105210420841683,-0.2441550861077664,0.0101265822784809,0.0
2023-12-08,20.17,19.75,0.0236608067766604,0.0264156899397655,0.0236965965717752,0.2611478339333996,0.0210428606189895,20.411,20.627,20.28633333333333,4,8,12,20.265362998931185,20.26540382164093,33.99339933993397,0.0185511504211639,0.1869703990275397,21.800408889145277,19.45359111085473,0.0144300145194799,0.0151332179099519,0.0163670736711147,185313247.0,-0.7789271143716766,0,0,-1,0,0,0.0177215189873418,0.1670792442178627,0.2693935987886265,0.2402323867552892,-0.0180136319376824,0.0238578680203047,0.671668093278558,0.0128904313336637,0.0
2023-12-11,20.09,20.17,-0.0064886676373063,-0.0088933392475632,-0.0049950153805229,-0.3115678549068976,-0.0039741731392774,20.273,20.642,20.339333333333336,0,11,12,20.233478817307333,20.254087446051194,32.026143790849616,-0.0002059761101946,0.1495351239999928,21.77741274668539,19.50658725331461,0.0139127159751827,0.0151561469683616,0.0162649423474715,184653429.0,-0.972333632172886,0,0,-1,0,0,-0.0099157164105107,-0.6382853284750416,0.266926617011207,0.2405963742733824,-0.0142296368989204,0.0151591712986356,0.4697282975922798,0.008959681433549,0.0
2023-12-12,20.3,20.09,0.0134296969915409,0.0086473670411823,0.0104608674977391,-0.0721580541994841,0.0103987072208987,20.188,20.659,20.395666666666667,1,12,12,20.245573577796907,20.25704954630596,37.18749999999998,0.0018527535431331,0.1199986499086209,21.761110893297552,19.55688910670245,0.0145154158319401,0.015211767483469,0.0163149853502638,185267313.0,-0.6514770921569564,0,0,-1,0,0,0.0074664011946241,-0.788352438938201,0.2091309849657738,0.2414793225779878,0.0190763052208835,0.0170340681362726,0.0460574636184708,0.0071428571428571,0.0
2023-12-13,20.96,20.3,0.0127640417250977,0.0319562413516799,0.0152449473253454,0.0897780208507933,0.0319949734050997,20.219,20.666000000000004,20.462333333333333,2,13,12,20.37546929092474,20.302401188479767,47.105263157894754,0.05609417702032,0.1072177553309607,21.77417821104772,19.557821788952285,0.0167603461999251,0.01378743737931,0.0169514860358447,185938860.0,0.5306005786236079,0,0,-1,0,0,0.0098522167487684,-0.5746892508504465,0.2265004508582805,0.2188687831351832,0.0661241098677518,0.0067243035542747,0.3690540734147309,0.0236164122137405,0.0
2023-12-14,22.2,20.96,0.0706175672139534,0.0621231690665122,0.0690579417628723,0.7982713482704971,0.0574764294253923,20.397,20.728,20.554,3,14,12,20.70720214712024,20.424826918255267,58.726899383983564,0.1968691478127553,0.1251480338273196,22.02764529576701,19.42835470423299,0.0239966772766341,0.0190351860642678,0.0193835885541312,187430834.0,2.2652334522263127,0,0,-1,0,0,0.0496183206106869,1.8043260924017672,0.3791442383178356,0.3021742109153698,0.1240506329113924,0.0591603053435114,0.6266782169981289,0.0168918918918918,0.0
2023-12-15,21.86,22.2,0.0031767669103291,-0.0080935693609218,-0.0089214820259386,-0.2593464509472797,-0.0154338061298412,20.529000000000003,20.775,20.61,4,15,12,20.916801756734746,20.517418729980733,53.83104125736739,0.2777968981736336,0.1556778066965825,22.16848106329317,19.381518936706826,0.025175291100814,0.0194504233493066,0.0186756573355733,186279693.0,1.5572511583843849,0,0,-1,0,0,-0.0058558558558558,0.7657899844149579,0.4725114715080052,0.3087658984631362,0.0837878036688148,0.0449330783938812,0.6322125092506673,0.0178408051235131,0.0
2023-12-18,22.56,21.86,0.0152880675441906,0.0209969741968298,0.0202440667563235,0.396715877721193,0.0315199438814656,20.747,20.846,20.677000000000003,0,18,12,21.21556507369206,20.64919816675617,62.88848263254115,0.3938765100156516,0.2033175473603963,22.44703124663575,19.244968753364244,0.0257997629986294,0.020490722894905,0.019226425988646,187991363.0,2.141119985761218,0,0,-1,0,0,0.02516010978957,2.0086421483877115,0.4420702668471336,0.3252801417831369,0.1229467396714782,0.0671712393566696,-0.3180037273386933,0.0183953900709221,0.0
2023-12-19,23.4,22.56,0.0272904260197582,0.0375274487909839,0.0364802250885284,-0.4533839010517603,0.0365575957337975,21.095,20.9565,20.787666666666667,1,19,12,21.6127350602935,20.826669252771904,73.66609294320139,0.547342000660926,0.2721224380205023,22.921244793945405,18.99175520605459,0.0241591038207294,0.0218328330525136,0.0195353179398806,189079085.0,2.487345946944292,0,0,-1,0,0,0.0208333333333334,0.3189569865979133,0.4320290411339425,0.3465854800376546,0.1527093596059112,0.1042944785276072,-1.2413538668538042,0.0194444444444443,0.0
2023-12-20,22.97,23.4,0.0082162624371515,-0.0023446669592541,-0.0030441423812281,-0.0198768217997249,-0.0185470056626487,21.426,21.049,20.884666666666664,2,20,12,21.859510503876496,20.96494865581888,71.21464226289515,0.6270389862016899,0.3431057476567398,23.210499479544787,18.88750052045521,0.0249288271592241,0.0223945537248847,0.0199809366940558,188012770.0,1.7774697779752069,0,0,-1,0,0,-0.0076923076923076,0.2155457041609056,0.5435366376923634,0.355502519269921,0.0958969465648853,0.0875946969696968,-0.195186180163308,0.020461471484545,0.0
2023-12-21,22.89,22.97,-0.0134404798043412,-0.0224437560543001,-0.0142561905634436,0.2661131543720185,-0.0034888827365314,21.74,21.1345,20.982333333333333,3,21,12,22.046872230444407,21.089145516733787,69.68174204355111,0.6759521345746329,0.4096750250403185,23.44777041222429,18.821229587775704,0.0254622526760727,0.0224628835862558,0.0199576565848569,186621354.0,1.5177646251153345,0,0,-1,0,0,-0.0026121027427078,0.993006560512482,0.4192718583497823,0.3565872221917663,0.031081081081081,0.0807365439093485,0.4429085719119268,0.012013979903888,0.0
2023-12-22,23.03,22.89,0.0021800749859616,0.0104212840668388,0.0140383968132633,-0.6490530782448127,0.0060975798681185,22.026000000000003,21.2185,21.09333333333333,4,22,12,22.22562273399997,21.214361935009027,72.26890756302524,0.717739334757713,0.4712878869837974,23.68185906737308,18.755140932626915,0.0255086321595097,0.0224494815206724,0.0196731950251644,187348425.0,1.4707559478381529,0,0,-1,0,0,0.0030581039755351,-0.8716994483881182,0.3745056897074524,0.3563744709962362,0.0535224153705398,0.0786885245901638,0.0262276095116517,0.0084672166739036,0.0
2023-12-26,23.14,23.03,0.0039121979912919,0.0004318721725515,0.0032619361314084,-0.5702071006589624,0.0047650079329365,22.331,21.302,21.205,1,26,12,22.391873145999973,21.338596648879413,78.74999999999999,0.7510741572970723,0.5272451410464525,23.91021051783315,18.69378948216685,0.0249827195887547,0.0224471270717617,0.0196729273916539,187759517.0,1.4093954360148615,0,0,-1,0,0,0.0008684324793747,-1.6455019459538998,0.3232330590237087,0.3563370952784823,0.0257092198581561,0.0777829529576152,0.9302686166777036,0.0056179775280898,0.0
2023-12-27,23.26,23.14,0.0051925690016273,0.0051679701584425,0.0034677104536955,0.1118984556505266,0.0051724253249879,22.627,21.4075,21.315,2,27,12,22.5497143921818,21.46255815540332,82.96703296703298,0.7782045834199671,0.5774370295211555,24.1567075413354,18.6582924586646,0.0251328313009718,0.0220023059009754,0.0196637702769646,188219282.0,1.3476610784358378,0,0,-1,0,0,0.0012964563526361,-1.3499859699943753,0.1646366411138845,0.3492757781036997,-0.0059829059829058,0.0997635933806149,-1.5950392122882886,0.0073086844368014,0.0
2023-12-28,23.38,23.26,0.0051657454519646,0.0074890689171842,0.0077586596099602,0.2264020778556299,0.0051458089534039,22.869,21.544000000000004,21.400333333333336,3,28,12,22.700675411785102,21.586264080861174,83.06010928961749,0.8001648365541989,0.6219825909277642,24.40371952987456,18.68428047012545,0.0243690483280358,0.0209468399992388,0.0183240040094124,188795864.0,1.2840420053924206,0,0,-1,0,0,0.0012897678417883,-0.9784795923123172,0.0629073249078447,0.3325207763438779,0.0178493687418372,0.1322033898305086,-2.1474867696281925,0.0070573139435414,0.0
2023-12-29,23.33,23.38,0.0004292766754053,-0.0036305432296546,-0.0047342459846439,0.0474925178242609,-0.0021408700105837,22.982,21.6895,21.479333333333333,4,29,12,22.81509806418781,21.69876317241852,80.85937499999997,0.8042628714992084,0.6584386470420531,24.604018828224003,18.774981171776,0.0178029521656326,0.0206440063326482,0.0183505409271652,188191238.0,1.1257432850414322,0,0,-1,0,0,-0.0034217279726261,-0.8140471630593333,0.0534516729044639,0.3277134409213789,0.0192223678462208,0.142507345739471,-2.113022258219648,0.0081440205743678,0.0
2024-01-02,23.22,23.33,-0.0038701402853091,-0.0004279905907403,-0.0019432155526427,0.3445128196221542,-0.0047261097635931,23.118,21.8235,21.556,1,2,1,22.888716597971847,21.796907483875387,80.38834951456313,0.789533265014537,0.68465757063655,24.761829457374063,18.885170542625936,0.0167346426841305,0.0208063782773322,0.0183874328632937,187337928.0,0.9505401080844276,0,0,-1,0,0,-0.0051435919417058,-0.1232146067552635,0.0750714307878785,0.3302910156345461,0.0082501085540598,0.1304771178188899,-0.7691128885685317,0.00968992248062,0.0
2024-01-03,22.67,23.22,-0.0217778641688786,-0.0222928829447915,-0.0252213886331838,0.0462382921158925,-0.0239715117503077,23.129,21.938,21.607,2,3,1,22.848949943795144,21.85323603330278,71.58469945355196,0.7251208010733912,0.6927502167239182,24.817368351797885,19.058631648202116,0.0164454661229838,0.0216611642390768,0.0189968731182729,186444236.0,0.5084448466226559,0,0,-1,0,0,-0.0219638242894056,-0.0112488966229341,0.1877951256740778,0.3438603221083382,-0.0203111495246326,0.1123650637880275,-1.513708180373886,0.0126246140273488,0.0
2024-01-04,23.27,22.67,0.0170272614102808,0.0214363518431751,0.0228412079141196,-0.1579196961060957,0.0261225127947626,23.116,22.1055,21.67633333333333,3,4,1,22.925504499468754,21.944640160186477,71.27071823204423,0.7142549583722264,0.6970511650535799,24.87837215718144,19.33262784281856,0.0139430426438528,0.0210770632894407,0.0194939386111242,187207376.0,0.8399233242571749,0,0,-1,0,0,0.0189677988531098,-0.377794961064435,0.287797408368794,0.3345880069885754,0.0004299226139294,0.168172690763052,0.3088184724813919,0.0111731843575419,0.0
2024-01-05,23.49,23.27,0.0129034048359077,0.0131902597407829,0.0103449198423929,-0.1637390936694351,0.0094098213566209,23.168,22.297,21.755333333333333,4,5,1,23.02814004501989,22.04434079501316,64.62585034013608,0.7151520336533963,0.7006713387735432,24.881358619417245,19.71264138058276,0.0126932048355404,0.0204858859246909,0.0194839081440218,187855254.0,0.9232464806057068,0,0,-1,0,0,0.0055865921787709,-0.6310095939504548,0.2939926331367057,0.3252033572614244,0.0047048759623609,0.1948118006103762,0.101355579161746,0.0140442741592166,0.0
2024-01-08,24.19,23.49,0.0203052661607455,0.0242326482292416,0.0222631902678959,0.4285859555673043,0.0293645259511145,23.298,22.519,21.855666666666664,0,8,1,23.239387309561724,22.182770421141345,74.4234800838575,0.7635454455272068,0.7132461601242759,24.9397602111882,20.0982397888118,0.0151334252163446,0.0209613857037678,0.0200547121311565,188849802.0,1.3805580513733038,0,0,-1,0,0,0.016602809706258,0.3172116106884578,0.3534205127925161,0.3327516822448464,0.0368624089155595,0.2248101265822786,-0.5293608864256194,0.0159156676312526,0.0
2024-01-09,23.92,24.19,0.0008371704130635,-0.005379694331825,0.0023039071872773,-0.0898200636806209,-0.0112243955395048,23.387,22.7065,21.941333333333333,1,9,1,23.363135071459595,22.294849748809643,65.66820276497702,0.7712206776730461,0.72484106363403,24.93442114574345,20.478578854256547,0.0160328279325148,0.0213273148079712,0.0202477407152938,187940690.0,1.0893563287178745,0,0,-1,0,0,-0.0119884249689955,0.0710906317951434,0.3699909610063011,0.3385606266880634,0.0301464254952628,0.1859196826970748,-0.3376171601125193,0.008361204013378,0.0
2024-01-10,24.13,23.92,-0.0041928782600359,0.0020725396019723,-0.005033567674829,0.0847122643325923,0.0087409505545092,23.486,22.9085,22.03,2,10,1,23.50256505846694,22.41324653920902,59.83827493261459,0.7851973333124036,0.7369123175697048,24.8519887242082,20.9650112757918,0.016106549945735,0.0211159365973887,0.0202647100987082,188930171.0,1.2570178409423505,0,0,-1,0,0,-0.0050167224080267,0.2567449023910703,0.2605074801444624,0.335205101621389,0.0644022937803263,0.2010950721752116,-0.5625923953521492,0.0153336096145875,0.0
2024-01-11,24.03,24.13,0.0125262598191802,0.0049566396399284,0.0016806726645182,0.1060176140104152,-0.0041528298885627,23.563,23.095,22.126,3,11,1,23.59846232056385,22.51755321409876,65.68047337278115,0.7792223788040644,0.7453743298165767,24.66439814145026,21.525601858549745,0.0163192838470016,0.0213292623783878,0.0200104306761378,187830025.0,1.1915395785240064,0,0,-1,0,0,-0.0012432656444259,0.5129342588397601,0.2487326977463264,0.3385915434099623,0.0326600773528149,0.1837438423645321,0.6322925257404638,0.0187265917602995,0.0
2024-01-12,23.92,24.03,-0.0041580101486637,-0.0037151745518634,0.002511536983789,-0.8823778181347228,-0.0045881206659465,23.617,23.243,22.235000000000003,4,12,1,23.65692371682497,22.608033651898843,65.10263929618775,0.7568861907556013,0.7476767020043816,24.48977436445459,21.996225635545407,0.0164909919012765,0.0207529126594506,0.019380221724475,187374787.0,1.086002438454307,0,0,-1,0,0,-0.0012484394506866,-1.3007087818560152,0.2581640731823054,0.3294422752629032,0.0183056619838231,0.1412213740458014,1.3033191657316685,0.0125459866220735,0.0
2024-01-16,23.33,23.92,-0.0231833354556572,-0.028563722642256,-0.0293159496435027,0.7844678792213648,-0.0249748430490925,23.617,23.2995,22.332,1,16,1,23.59748304103861,22.654612125969887,53.886010362694265,0.6836953176036147,0.7348804251242282,24.4456142590547,22.153385740945303,0.0185864929761625,0.0178955854125577,0.0199206732313465,186377251.0,0.0532233147943773,0,0,-1,0,0,-0.0196488294314382,0.3304874397151697,0.1931675634279065,0.2840836114052576,-0.0355518809425383,0.0509009009009009,-0.3110633947613831,0.0132490355765108,0.0
2024-01-17,23.25,23.33,-0.009856518622543,-0.0085044701364519,-0.003455726981151,-0.6610223134514563,-0.0034349539999731,23.62,23.369,22.42233333333333,2,17,1,23.53430430630432,22.69302424687506,51.43603133159268,0.6121788749050054,0.7103401150803837,24.295019210934093,22.442980789065903,0.0185534759197229,0.0174600993819995,0.0199731333160386,185862200.0,-0.257014106391944,0,0,-1,0,0,-0.0047149592798971,-1.0360073435955606,0.1908469393942813,0.2771704849874601,-0.0280100334448161,0.0635864592863677,-0.9423456023196124,0.0081763440860215,0.0
2024-01-18,23.38,23.25,0.0077220460939103,0.0070522968384423,0.0021655461984754,0.1796610022241857,0.005575824010557,23.691,23.410000000000004,22.522333333333336,3,18,1,23.50624897788535,22.7373452632057,51.56249999999998,0.5595414468658646,0.68018038143748,24.254200026227288,22.56579997377272,0.0165528600133399,0.0161146564671038,0.0198421351486612,186478619.0,-0.0710732031934994,0,0,-1,0,0,0.0064516129032257,-0.7004188800837214,0.1765106834031752,0.2558122408511725,-0.0310816411106505,0.0363475177304963,-1.3808541086968134,0.0130410607356715,0.0
2024-01-19,23.31,23.38,-0.0103093696588612,-0.0059842025129735,-0.0043314556438518,0.1970565316806295,-0.0029985029962565,23.695,23.4055,22.63533333333333,4,19,1,23.470567345542555,22.774290730095657,49.076517150395766,0.506340710403677,0.6454124472307194,24.25088312713856,22.56011687286144,0.0144409764120118,0.0138207536068744,0.0192240336736038,185727936.0,-0.2259330638009022,0,0,-1,0,0,-0.0094097519247219,-0.137508259624646,0.1775588876807914,0.2193976618517319,-0.0299625468164794,-0.0038461538461538,-1.4519241346013256,0.0113685113685113,0.0
2024-01-22,23.47,23.31,0.0107366287980247,0.0100246120499784,0.0137814412030094,-0.4102368061643989,0.0068405568152664,23.693,23.4305,22.76233333333333,0,22,1,23.470464191807544,22.819175199121748,51.79487179487181,0.4716524899799843,0.6106604557805725,24.250858714907235,22.61014128509277,0.0142801788359373,0.0132028446061487,0.0189050716386589,186226009.0,0.0962993365761061,0,0,-1,0,0,0.0042900042900043,-1.0112840054293744,0.2004924194235,0.2095886605590007,-0.0188127090301004,0.0217675228558988,-1.485614493941119,0.0076693651469961,0.0
2024-01-23,23.24,23.47,-0.0034231954694809,-0.0089533746684794,-0.0120483385161743,0.05316005211427,-0.0098480778792217,23.598,23.448,22.878666666666668,1,23,1,23.428561611478894,22.846325186275184,50.24875621890547,0.4207525738078068,0.5726788793860194,24.234025311008047,22.661974688991958,0.0099274773546353,0.0133939322107224,0.0191257364152369,185700742.0,-0.5292450436061672,0,0,-1,0,0,-0.005965061780997,-0.8851971204036295,0.1100669047123055,0.2126220822409744,-0.0038576939562794,0.0152905198776758,-0.0915744447502414,0.0107573149741824,0.0
2024-01-24,22.84,23.24,-0.0004287245510468,0.0017115964811813,-0.0113192327399384,0.2648520617065746,-0.0173615471959009,23.49,23.4385,22.967666666666663,2,24,1,23.321550409391826,22.8459171097413,52.19638242894055,0.3441699890711085,0.5269771013230372,24.249977534837097,22.6270224651629,0.0105785581790679,0.0139162085407415,0.0193289319071355,185016194.0,-1.4750870462979446,0,0,-1,0,0,0.0034423407917384,-0.1298586399916401,0.1622812825250565,0.2209129619502918,-0.0176344086021505,-0.0082501085540599,-0.3707585774184493,0.0240805604203152,0.0
2024-01-25,22.95,22.84,-0.0207979766944821,-0.0181195638950808,-0.0048277469233576,0.4374399337315567,0.0048045517187447,23.372,23.429,23.063,3,25,1,23.2539957895024,22.852632134919283,45.266272189349095,0.289022152151233,0.4793861114886764,24.25941904454637,22.598580955453635,0.0100861181119427,0.0139169775565163,0.0192653444373174,186076379.0,-1.153634428655634,0,0,-1,0,0,0.0,1.4676669352095326,0.1596133709666976,0.2209251696972582,-0.0183917878528656,-0.0082108902333621,-0.3849855346382588,0.0104575163398692,0.0
2024-01-26,22.76,22.95,-0.0074709202683717,-0.0021791248544679,-0.0050722349346454,0.1700951507858236,-0.0083133272484239,23.245,23.404000000000003,23.145,4,26,1,23.164178373229237,22.846655868150297,39.10447761194033,0.22736476251713,0.4289818416943671,24.28444008138756,22.523559918612445,0.0101338206134341,0.0139622010476354,0.0193731317201064,184819617.0,-1.4629047759503837,0,0,-1,0,0,-0.0122004357298473,2.0310863217397035,0.1625953071529008,0.2216430703627731,-0.0235950235950235,-0.0214961306964746,0.1158692443903909,0.0134007029876978,0.0
2024-01-29,21.53,22.76,-0.0670412828414709,-0.0528560101534756,-0.0783858894892642,0.9701202380515922,-0.0555572978818585,23.006,23.3115,23.164,0,29,1,22.8670550326421,22.76171032826964,15.721649484536016,0.0783469813221238,0.3588548696199185,24.52738217922456,22.09561782077544,0.0184031269538447,0.0182165001947445,0.0213268683962251,181503950.0,-2.9303826150921344,0,0,-1,0,0,-0.0685413005272408,3.940207376550941,0.3528255055706767,0.289177975639522,-0.0826587132509585,-0.0791274593669802,-1.517233080997137,0.0385508592661401,0.0
2024-01-30,21.43,21.53,0.0140517534556502,-0.0087780651433065,0.0218307452849255,-1.0591142825970898,-0.0046555018907861,22.816,23.2165,23.13833333333333,1,30,1,22.60577229943444,22.6757935328974,16.44204851752012,-0.0472748926206563,0.2776289171718036,24.69486716473138,21.73813283526862,0.0177457500132863,0.0182119765848944,0.0183060698038433,180354200.0,-2.416855626422961,0,0,-1,0,0,-0.0013934045517882,0.3321843490203711,0.3611636940866588,0.2891061655593733,-0.0778829604130808,-0.0814402057436776,-1.5888383618290325,0.0083294447036864,0.0
2024-01-31,21.13,21.43,-0.0041948325320256,0.0027803539690377,-0.0113644270975023,-0.1689053692748944,-0.0140979778575203,22.604,23.112,23.114,2,31,1,22.337450063173637,22.576064917871765,10.526315789473657,-0.1690894674462484,0.1882852402481932,24.86017318185469,21.363826818145316,0.0177373224408783,0.0183468628214046,0.0182721554204155,179383134.0,-2.267509901847644,0,0,-1,0,0,-0.0009332711152589,0.0270555521621562,0.3611332154162505,0.2912474181819219,-0.0748686514886165,-0.0900086132644272,-1.7301894065252788,0.0227165168007572,0.0
2024-02-01,21.34,21.13,-0.0136376437635307,-0.0111681011877382,-0.0042684437584562,0.0217973103107729,0.009889414245642,22.4,23.0455,23.07333333333333,3,1,2,22.156095506232973,22.4963187941381,15.60102301790279,-0.2458491546463932,0.1014583612692759,24.957935482246647,21.133064517753358,0.0181921731775161,0.0180383500952727,0.0173170975271155,180375599.0,-1.7835895807543296,0,0,-1,0,0,-0.0004732607666823,0.0542981096225397,0.3803650539141802,0.286349930484059,-0.0701525054466231,-0.05866784296427,-1.4558341235604002,0.0154639175257732,0.0
2024-02-02,20.93,21.34,-0.0090369223801523,-0.0184184663629051,-0.013638206364507,-0.0659194052335909,-0.0193997094156989,22.162,22.9285,22.991,4,2,2,21.93316905055425,22.39526596870984,14.48931116389548,-0.3358933636533869,0.0139880162847433,25.05719394108421,20.799806058915788,0.0183261291609146,0.016990882049902,0.0159531421399191,179446447.0,-1.8776771629106053,0,0,-1,0,0,-0.0192127460168697,-0.0643832009406312,0.3775424056768059,0.2697218907580331,-0.0804042179261863,-0.1005586592178771,-1.0377123813475797,0.0107501194457716,0.0
2024-02-05,20.9,20.93,-0.0091193336565271,0.0,-0.0028950563043063,-0.1974823103407593,-0.0014343774871431,21.905,22.799,22.922,0,5,2,21.745320132271655,22.298797196535013,16.71232876712328,-0.4050061386457209,-0.0698108147013494,25.09260575698896,20.50539424301104,0.0176241228208255,0.0166698655243159,0.0157095791316802,178683804.0,-1.655907946876629,0,0,-1,0,0,-0.009077878643096,-0.3517654814652265,0.1801605912243348,0.2646259113973752,-0.0292614955875524,-0.1102596849723286,0.3214369978530367,0.0136363636363636,0.0
2024-02-06,21.2,20.9,0.0052897454434294,0.0106673999584028,0.0074618230441148,1.3735363559558644,0.0142520227072014,21.701,22.6495,22.865666666666662,1,6,2,21.646171017313176,22.22790705482308,23.514211886304903,-0.4306072456779439,-0.1419701008966684,24.95111933842659,20.34788066157341,0.0194285556393937,0.0152351699186875,0.0160259026806623,181695704.0,-1.259547985020749,0,0,-1,0,0,-0.0023923444976075,2.570877791638778,0.2314815668670043,0.2418508247199558,-0.0107326178254782,-0.1236047953699877,-0.0768247125465671,0.0167452830188677,0.0
2024-02-07,20.4,21.2,-0.0052897454434293,-0.0207273650385329,-0.0235362071444346,-1.0496305219992914,-0.038466280827796,21.457,22.4735,22.778,2,7,2,21.419594468710777,22.10997756741514,17.180616740088112,-0.5095755518065701,-0.2154911910786487,24.90095068789815,20.046049312101847,0.0213816798152601,0.0167500600794894,0.0171781926960269,180641337.0,-1.708376619419918,0,0,-1,0,0,-0.0216981132075472,-0.0364777986815074,0.3430118513200756,0.2658989604943195,-0.0345480359678183,-0.1471571906354516,-0.7065860779761495,0.0198529411764706,0.0
2024-02-08,20.5,20.4,-0.0140813203125704,-0.0121096175854521,-0.0019660856665015,-0.3720981906347824,0.0048899852941917,21.212,22.292,22.69,3,8,2,21.252395474399723,22.006108046936745,19.256017505470496,-0.5576609705477296,-0.2839251469724649,24.740686866157667,19.84331313384233,0.0213887623445194,0.0165696450454105,0.017180392420556,181368098.0,-1.4636416152400054,0,0,-1,0,0,0.0024509803921568,-0.4519369694886589,0.3290926947642025,0.2630349606166198,-0.0393626991565135,-0.150435142975549,-0.7016438538688493,0.0095121951219512,0.0
2024-02-09,20.6,20.5,0.0058508211760551,0.0055886429019765,0.0051527533956563,-0.1725666188848126,0.0048661896511729,20.996,22.1205,22.601333333333336,4,9,2,21.133778115417957,21.91539139874728,18.181818181818244,-0.5810024129170372,-0.3433406001613793,24.53690424469009,19.70409575530991,0.0219724838190472,0.0168009215374655,0.0171748798425096,181979669.0,-1.258481484082153,0,0,-1,0,0,0.0034146341463414,-0.5668152833410101,0.3209146351024912,0.2667063611090574,-0.0157668418537982,-0.1427382438618393,-1.798693356280631,0.0099514563106797,0.0
2024-02-12,20.65,20.6,0.0004860267410376,0.0033865537929852,0.0029325534212777,0.096038143608573,0.0024242436115062,20.908,21.957,22.51033333333333,0,12,2,21.045818458069235,21.833753243989392,20.092378752886844,-0.5886801536574673,-0.3924085108605969,24.302199800728136,19.611800199271865,0.0156596380799998,0.0169382472493923,0.0171324056328891,182652887.0,-1.1146171849359756,0,0,-1,0,0,-0.0009708737864079,-0.5051874647248076,0.3232689731334776,0.2688863392032967,-0.0119617224880382,-0.1367056856187292,-1.941643828815309,0.010411622276029,0.0
2024-02-13,20.04,20.65,-0.0245954355823751,-0.0261788650314099,-0.0277108280261049,0.1410970092690329,-0.0299850431903776,20.769,21.7925,22.400666666666663,1,13,2,20.86294237478392,21.718027228248143,19.162995594713664,-0.6366478405206841,-0.4412563767926144,24.193086551146585,19.39191344885341,0.0176203660169784,0.0172354870604354,0.0177497833045366,181877652.0,-1.460059833429421,0,0,-1,0,0,-0.0276029055690072,-0.3543656451003791,0.3314512623291511,0.273604874921903,-0.0547169811320754,-0.141020145735105,-0.6851128297621196,0.0119760479041917,0.0
2024-02-14,20.07,20.04,-0.0054931473958045,-0.0044720571425921,-0.0042740479896746,2.1424282711218754,0.0014958865915827,20.663,21.6335,22.295666666666666,2,14,2,20.718771033914116,21.61170289094181,17.713004484304975,-0.6645809531283859,-0.4859212920597687,24.04882192472809,19.2181780752719,0.0175730362626892,0.0173305696411741,0.0177882087077304,188482733.0,-1.2946514367239117,0,0,-1,0,0,-0.0034930139720559,3.635406813493054,0.2352443749637704,0.2751142640977965,-0.0161764705882352,-0.136774193548387,-2.1792062326115205,0.0117090184354758,0.0
2024-02-15,20.41,20.07,0.0163897386200178,0.0182585876652824,0.0152522021576632,-1.8187973977127956,0.0167988140135066,20.57,21.485,22.220333333333333,3,15,2,20.662630845929726,21.534173672171374,24.51193058568332,-0.6517697911756883,-0.5190909918829527,23.81178228236893,19.158217717631064,0.018356146611712,0.0179456943076157,0.017838772568414,189554214.0,-0.9240228517689458,0,0,-1,0,0,0.0114598903836572,-0.2085861302242171,0.2736500498263151,0.2848790654540331,-0.004390243902439,-0.1270316509837468,-1.4699044966584316,0.0146986771190593,0.0
2024-02-16,20.31,20.41,-0.0039486724554163,-0.0014680697522911,0.0009970214193437,-0.450773783689241,-0.0049116012294602,20.508000000000003,21.335,22.12166666666667,4,16,2,20.598516146669773,21.455194725579677,32.471264367816104,-0.6422821880369582,-0.5437292311137538,23.55054793034394,19.119452069656063,0.0176061705182713,0.0179305170780058,0.0169275453781946,188871536.0,-0.9252790119876874,0,0,-1,0,0,-0.0093091621754042,-0.476180731527518,0.2697358963690157,0.2846381344032,-0.0140776699029127,-0.1287001287001287,-0.97746339694481,0.0123042836041359,0.0
2024-02-20,20.16,20.31,-0.0049578683607867,-0.0093481615568655,-0.0044770149885071,0.0686746620831418,-0.0074129323891254,20.434,21.1695,22.01066666666667,1,20,2,20.51878593818436,21.371633775542275,32.01133144475924,-0.6394952375660239,-0.5628824324042079,23.20035126047618,19.13864873952382,0.0176530947061679,0.0176436121445078,0.0167308959926371,188140328.0,-0.9941643877585592,0,0,-1,0,0,-0.0093549975381584,-0.4525966282476082,0.2669320594982216,0.2800836597794807,-0.0237288135593219,-0.1410311035364294,-0.4425581037604898,0.0074404761904762,0.0
2024-02-21,19.87,20.16,-0.0221114536074311,-0.0159445331035492,-0.0267490083921535,0.6649922457737739,-0.0144893866394423,20.301,21.001,21.866666666666667,2,21,2,20.40082485851448,21.274754177120197,32.102272727272776,-0.653157937481204,-0.5809375334196071,22.860517764330837,19.14148223566916,0.0167475526507574,0.0177058213519967,0.0154635715480446,186718512.0,-1.2164444155304928,0,0,-1,0,0,-0.0238095238095238,-0.0018061610191372,0.188022818443841,0.2810712003331251,-0.0084830339321356,-0.1450086058519792,1.0436879823833052,0.0181177654755913,0.0
2024-02-22,20.26,19.87,0.0250891233013555,0.0198912575161882,0.0260017172875053,-0.4214104157182958,0.0194374422568119,20.287,20.872,21.744666666666667,3,22,2,20.37522033878457,21.209286165693086,35.405405405405446,-0.6253078255916051,-0.5898115918540067,22.542733844458745,19.20126615554125,0.0144635451552255,0.0185547046793635,0.0161446423878208,187651395.0,-0.7326122015541787,0,0,-1,0,0,0.0156014091595369,-0.3567338670588533,0.2431070654456111,0.294546805391054,0.0094668659691081,-0.1129597197898423,0.3846726826068054,0.0120927936821321,0.0
2024-02-23,20.12,20.26,-0.0044698360986198,-0.0049358441767635,0.0002491590893666,0.2632157689044846,-0.0069341535889988,20.249,20.7305,21.611,4,23,2,20.32881664082374,21.139009638874175,38.19241982507291,-0.607530013420643,-0.593355276167334,22.11506871493919,19.345931285060807,0.0144471795733092,0.0183857979308995,0.0159223403772841,186437614.0,-0.881863057301292,0,0,-1,0,0,-0.008390918065153,-0.1635158805123024,0.2069074655832643,0.2918654938838769,-0.0142087212150906,-0.1233115468409585,1.7936305463454771,0.0069582504970179,0.0
2024-02-26,20.08,20.12,-0.0019930250742648,-0.0034696441251134,-0.0022446698538239,-0.160675012221707,-0.0019900504080101,20.197,20.5965,21.47933333333333,0,26,2,20.283577251583058,21.07068643636617,38.08139534883722,-0.5898689923360365,-0.5926580194010745,21.627703180790583,19.56529681920941,0.0142577757031057,0.0184056745483941,0.0159354703292811,185403996.0,-1.001742449250436,0,0,-1,0,0,-0.0034791252485089,-0.2828178671693555,0.2060685126512083,0.2921810254046519,-0.0113244707040867,-0.1177504393673112,1.593037317742776,0.0057270916334662,0.0
2024-02-27,20.17,20.08,0.0074534506545807,0.0049578978281058,0.0058356237227789,-0.6928124900826342,0.004472057142592,20.149,20.5285,21.354333333333333,1,27,2,20.26292684220432,21.01257763401997,34.05572755417964,-0.5621303690664909,-0.5865524893341578,21.47652342857404,19.58047657142596,0.0143505691066168,0.0146478041692114,0.0160457437263469,185920978.0,-0.7563104227059749,0,0,-1,0,0,0.0059760956175299,-0.5732374615780453,0.2045014655768272,0.2325266825094513,0.0004960317460318,-0.0631676730143985,0.7810921114440555,0.0048537431829451,0.0
2024-02-28,19.89,20.17,-0.0069548218733696,-0.0079414902949936,-0.0141094580601753,0.7653874978484962,-0.0139792591002396,20.134,20.4515,21.239666666666665,2,28,2,20.195121961803533,20.940153270534807,40.59040590405911,-0.5563279677121038,-0.580507585009747,21.339484708301857,19.563515291698145,0.011641329154025,0.0148416207340894,0.0157200323954,184809556.0,-1.264661417590821,0,0,-1,0,0,-0.005453644025781,-0.1329079413315213,0.2022661219514011,0.235603425093244,0.0010065425264216,-0.0718618758749416,0.8299456483614928,0.0110608345902462,0.0
2024-02-29,20.05,19.89,0.0004983802744573,-0.0004981320152815,0.0010065426114014,-0.1918301728365793,0.0080120608866973,20.132,20.3975,21.133,3,29,2,20.168736150566524,20.8827240272745,41.877256317689564,-0.5326784741414308,-0.5709417628360838,21.242045969624822,19.55295403037518,0.0119578242808467,0.0148484755420062,0.0159026461566209,185726976.0,-0.8229273775455278,0,0,-1,0,0,0.009049773755656,-0.273993483083699,0.1393396326512994,0.2357122417954406,-0.0103652517275419,-0.0511121628017036,-0.2854256660756292,0.0094763092269327,0.0
2024-03-01,20.33,20.05,0.0044742803949211,0.0165538060495222,0.0085149525241504,0.010243620131188,0.0138684738876769,20.124,20.347,21.031333333333333,4,1,3,20.19805685046352,20.84706441261163,45.42372881355928,-0.4857430763394355,-0.5539020255367542,21.065656641584678,19.62834335841533,0.011517354349712,0.0150521078962936,0.0161626742483708,186653842.0,-0.0473104929845696,0,0,-1,0,0,0.0054862842892767,-0.2644415352926083,0.1691068031672828,0.2389448052054279,0.0104373757455267,-0.0473289597000937,-0.789174722332125,0.0174618789965568,0.0
2024-03-04,20.34,20.33,0.0029717703891574,-0.0029447874041158,0.0069582785721678,-0.1335606776070161,0.0004917629801586,20.127,20.317500000000003,20.932333333333336,0,4,3,20.223864695833782,20.814350579539912,44.673539518900384,-0.4426370743425494,-0.5316490352979132,20.98177245525429,19.653227544745715,0.011405489083385,0.0145232915848647,0.0161865373791697,187464826.0,0.0677432876285202,0,0,-1,0,0,-0.0054107230693556,-0.3450495517711194,0.1661989165701528,0.230550106509776,0.0129482071713147,-0.0281892021022456,-1.044750398696564,0.0076204523107176,0.0
2024-03-05,20.23,20.34,-0.0004946821767956,-0.0014756520139631,0.0,0.3143623418936819,-0.0054227394407597,20.134,20.284,20.824333333333332,1,5,3,20.22498020568219,20.77665054215024,53.94190871369295,-0.4125951972869579,-0.5078382676957222,20.889567154839245,19.678432845160756,0.0112756472371072,0.0145519830795794,0.0160464152817714,186354276.0,-0.1783452076899159,0,0,-1,0,0,-0.0063913470993116,-0.1377626911298135,0.1738730287737136,0.2310055698683225,0.0029747149231531,-0.0320574162679424,-0.1633285325769006,0.0061789421651013,0.0
2024-03-06,20.41,20.23,0.011316233919974,0.0086359962499801,0.0069101953155088,-0.7104844867359951,0.0088583256420994,20.188,20.2445,20.73,2,6,3,20.258620168285425,20.75299566846313,56.64062499999999,-0.3699972001945468,-0.4802700541954871,20.67675114540545,19.812248854594547,0.01023879014961,0.0142873326093039,0.0162083421422621,186900007.0,0.7657585260752147,0,0,-1,0,0,0.0103806228373702,-0.4829725483157056,0.1212314214448991,0.2268043738960913,0.0261437908496731,-0.0372641509433961,-0.5143885768439778,0.0078980891719745,0.0
2024-03-07,20.94,20.41,0.0160158725525172,0.0271425359242209,0.0214120102477657,0.534941577753448,0.0256362286206373,20.256,20.2715,20.666666666666668,3,7,3,20.382507410415347,20.765060464046154,59.63636363636363,-0.2901270064589596,-0.4422414446481816,20.801138407008025,19.74186159299197,0.0115176718288864,0.01288625822868,0.0169139363223503,187831760.0,2.524363758951756,0,0,-1,0,0,0.0176384125428711,-0.1812357758458522,0.1931720672619523,0.2045630076194826,0.0443890274314213,0.0264705882352942,0.4130900362755981,0.0136103151862464,0.0
2024-03-08,20.84,20.94,0.0057609376804536,-0.0002375014855006,0.0016837045468836,-0.4716683304432227,-0.0047869885572246,20.328,20.288500000000003,20.59633333333333,4,8,3,20.46568788124892,20.76989527281737,59.63636363636363,-0.232221561150915,-0.4002374679487283,20.868455533748374,19.708544466251627,0.0113242133935271,0.0129289152261803,0.0168565309222719,187250383.0,1.9018699465993087,0,0,-1,0,0,-0.0023877745940783,-0.4439267580207812,0.2068322566075044,0.2052401664618573,0.0250860796851943,0.0165853658536585,1.3287376852802424,0.0117562380038388,0.0
2024-03-11,21.41,20.84,0.0109498832695863,0.0188240852456353,0.0112320454346044,0.3480742575691081,0.0269838857164252,20.461,20.329,20.55133333333333,0,11,3,20.637380993749115,20.81119235199045,69.71608832807566,-0.1387375619933202,-0.3479374867576467,21.08650004347339,19.57149995652661,0.0133423269808928,0.0142061321569293,0.0177104644258711,188073809.0,2.8541252487412554,0,0,-1,0,0,0.0134357005758157,-0.2672236311904082,0.2525176967657553,0.2255153566761167,0.052605703048181,0.0393203883495145,0.1216384836881425,0.0191499299392807,0.0
2024-03-12,21.35,21.41,0.013170463189745,-0.0018665427724345,0.0094608085042288,-0.2553627004406991,-0.0028063629269577,20.579,20.364,20.545333333333332,1,12,3,20.76694808579473,20.845954135733,75.17006802721082,-0.0687003824596708,-0.2920900658980515,21.239452364311138,19.488547635688864,0.0136606147420952,0.014246429277169,0.0147260724595838,187435954.0,2.2525497450129075,0,0,-1,0,0,-0.0004670714619337,-0.4083553004128675,0.2427246599466758,0.2261550536283531,0.0553633217993079,0.0338983050847458,0.1588636899385365,0.0079625292740047,0.0
2024-03-13,21.56,21.35,0.005127021251833,0.011609138971253,0.0119341535745069,0.224421081884146,0.0097880063661627,20.746,20.44,20.549666666666667,2,13,3,20.91113934292296,20.892021610847,73.55072463768107,0.0037070987414438,-0.2329306329701524,21.45051315784503,19.42948684215497,0.0117986729636388,0.0122773140503757,0.0148115754048409,188234292.0,2.2166955299987507,0,0,-1,0,0,0.0074941451990632,-0.2859641711560847,0.2423213053356957,0.1948963184707994,0.0563449289563937,0.0758483033932135,0.0990080581682762,0.0076530612244897,0.0
2024-03-14,21.45,21.56,0.0041753714104805,-0.0013860016078772,-0.0053644443513458,0.2365181832845964,-0.0051151006667703,20.886000000000003,20.509,20.56033333333333,3,14,3,21.00911400784605,20.928020216598807,74.3589743589743,0.0516194318905682,-0.1760206199980083,21.598507856095445,19.41949214390456,0.0125227766227824,0.0124283219312834,0.0146028289909127,187222933.0,1.7273854332218128,0,0,-1,0,0,0.0018552875695734,0.5106223300539442,0.2218753866148935,0.1972934942641559,0.0243553008595986,0.0687593423019432,1.384140345395125,0.0116550116550116,0.0
2024-03-15,21.06,21.45,-0.0172780389749546,-0.0163135754915236,-0.0184097717643576,-0.3532164276631607,-0.0183491386681965,20.959,20.5415,20.551,4,15,3,21.018366006419495,20.93653504133437,65.9090909090909,0.0574582178975369,-0.1293248524188993,21.65704140741237,19.425958592587627,0.0144664365418481,0.0128877267383562,0.0148828654863892,186512529.0,0.9295934629674054,0,0,-1,0,0,-0.0102564102564102,-0.6875719387654657,0.2731909314856491,0.2045863194878899,0.010556621880998,0.0318471337579617,0.596962624606929,0.0137701804368472,0.0
2024-03-18,20.67,21.06,-0.0123224308013361,-0.0141980615052925,-0.0160887129838136,0.1459382024335339,-0.0186921330121524,20.992,20.5595,20.54233333333333,0,18,3,20.95502673252504,20.91933923221602,57.39644970414202,0.0302668597218271,-0.097406509990754,21.670923459054094,19.4480765409459,0.0160830248781979,0.0135923701517514,0.0148530068857352,185690503.0,0.1988441023083053,0,0,-1,0,0,-0.0042735042735042,-0.2477898934812661,0.1882273519790037,0.2157721868968291,-0.0345632881830919,0.0177252584933531,0.4620619369435408,0.0157232704402515,0.0
2024-03-19,20.8,20.67,-0.0134423531563768,-0.0057361533955247,-0.0009687576441826,-0.4503395024606141,0.0062696130135953,21.049,20.591500000000003,20.539,1,19,3,20.926840053884124,20.911639926911764,64.08668730650157,0.0189885379633985,-0.0741275003999235,21.691285146514385,19.49171485348562,0.0159311343509517,0.0134937247886513,0.0148997060946676,186214472.0,0.3791649681045604,0,0,-1,0,0,0.0009675858732462,-1.4190444501214818,0.2105971619207053,0.2142062403043138,-0.0257611241217798,0.0317460317460318,0.0409264210433798,0.0108173076923075,0.0
2024-03-20,20.61,20.8,-0.006789550815208,-0.0115719709838124,-0.0180934031242733,0.6257914239789686,-0.0091765918049047,21.069,20.6285,20.51933333333333,2,20,3,20.869232771359737,20.892179286465844,58.58895705521472,-0.0052208427642952,-0.0603461688727978,21.67456078120123,19.58243921879877,0.0161946986964242,0.0132135156584825,0.0147327928466875,185234794.0,-0.0353707936144117,0,0,-1,0,0,-0.0120192307692307,0.6381407867363948,0.1634107502496104,0.209758058263217,-0.0440630797773654,0.0372420734776044,0.7285307385407149,0.017224648229015,0.0
2024-03-21,20.37,20.61,-0.0156942897625895,-0.0068126784175068,-0.0029651615498349,0.0528697633757948,-0.011713164663653,21.012,20.634,20.51833333333333,3,21,3,20.77846317656705,20.85849030024224,50.6211180124224,-0.0432741086590482,-0.0569317568300479,21.67303599049613,19.594964009503872,0.0139938191536827,0.0128522383175956,0.0131661676643472,184201927.0,-0.5081633406633816,0,0,-1,0,0,-0.0184376516254245,0.8561638297158294,0.1603285578927942,0.2040229582733596,-0.0503496503496502,0.0054294175715696,1.3929337856476591,0.0135002454590084,0.0
2024-03-22,20.0,20.37,-0.0054523059481156,-0.0108003013507696,-0.0111983253100294,-0.0593695002893518,-0.0183309566847235,20.928,20.628,20.501666666666665,4,22,3,20.636924417191224,20.80310382925887,45.25139664804469,-0.1021104382499906,-0.0659674931140364,21.680827771224745,19.57517222877525,0.0148331179593375,0.0134205642707459,0.0135403048207331,183228596.0,-1.1929776496481532,0,0,-1,0,0,-0.0122729504172803,0.680837182488436,0.1602728758854079,0.2130448530873155,-0.0503323836657169,-0.0059642147117296,1.3939830950273435,0.014,0.0
2024-03-25,19.89,20.0,-0.0064821967192299,-0.0099207162867479,-0.006024114603381,-0.3411873878684404,-0.0055151806881101,20.776,20.6185,20.478,0,25,3,20.50111997770191,20.74419390479056,45.25139664804469,-0.1558185547300752,-0.0839377054372442,21.695303749929423,19.54169625007058,0.0099507168678933,0.0134678922635406,0.0135245383496553,182536630.0,-1.3530784974471877,0,0,-1,0,0,-0.0005,-0.6787096584127142,0.1436689527256882,0.2137961616812366,-0.0377358490566038,-0.0094621513944221,0.8264202035064562,0.0100553041729511,0.0
2024-03-26,20.04,19.89,0.0039940142959382,0.0019920325312407,0.0045214847188458,-0.0595382728645125,0.0075131833507831,20.645000000000003,20.612,20.457666666666668,1,26,3,20.41727998175611,20.69876203996536,44.78873239436617,-0.1841560413770899,-0.1039813726252134,21.70169527371017,19.522304726289832,0.0109561396709241,0.0135432991615893,0.0136022819250623,183188600.0,-1.0498347818880966,0,0,-1,0,0,0.009049773755656,-0.9666848839851312,0.1513803751466449,0.2149932090774901,-0.0365384615384616,-0.006445215666832,0.9572523089164008,0.0074850299401198,0.0
2024-03-27,20.33,20.04,0.0039781255844452,0.0153051617567232,0.0099751450568195,0.1865943099307019,0.0143673514235912,20.522,20.634,20.46733333333333,2,27,3,20.401410894164087,20.67497094061276,40.78549848942591,-0.1811252284495133,-0.1194101437900733,21.679177396209024,19.588822603790977,0.0117797310132981,0.0135236896974109,0.0127549152301259,183974314.0,-0.5817194307925997,0,0,-1,0,0,0.0054890219560877,-0.1612549546736798,0.2139688598928872,0.2146819184841337,-0.0135856380397865,0.0221216691804926,0.2743848940094581,0.0127889818002952,0.0
2024-03-28,20.0,20.33,0.0014877265327709,-0.0078701832692052,-0.0082222962294051,0.1624611459891468,-0.0163653540862641,20.377,20.6315,20.465,3,28,3,20.32842709522516,20.63142442831516,38.13559322033894,-0.2030113410737826,-0.1361303832468152,21.682780422336677,19.580219577663325,0.012224467130447,0.0139577747353385,0.0131155029969238,183049998.0,-1.2013921054410337,0,0,-1,0,0,-0.0073782587309394,0.6437674431432431,0.2281161506439767,0.2215728048333964,-0.0181639666175749,-0.0024937655860349,0.2969731215028499,0.01325,0.0
2024-04-01,19.83,20.0,-0.0069617387087988,-0.0091777898336679,-0.0116209274242942,-0.4972550457405797,-0.0085363310222864,20.254,20.6065,20.445666666666668,0,1,4,20.237803987002405,20.579719626488377,24.84076433121008,-0.231406314314178,-0.1551855694602878,21.710431252659745,19.502568747340256,0.0115997539557065,0.0136730554129183,0.0127987800296368,182487831.0,-1.4067905010011252,0,0,-1,0,0,0.0019999999999999,-1.3080310256265109,0.1974376961719453,0.2170530257099257,-0.0085,-0.0245941957697983,0.3195924218870054,0.0156782652546646,0.0
2024-04-02,19.92,19.83,-0.0024981277043553,-0.0007478499663018,0.0063531364894353,0.4188053105527405,0.0045283096247478,20.179,20.5855,20.432666666666663,1,2,4,20.180021443911052,20.53715706994074,27.44479495268135,-0.2438364920459506,-0.1729157539774203,21.726145708207223,19.444854291792776,0.0111024092626289,0.0137285514802538,0.0128126014848902,183342406.0,-1.1668829246655013,0,0,-1,0,0,0.0080685829551185,0.3181945226881216,0.1979474912988112,0.2179339984673955,0.0015082956259426,-0.0206489675516223,-0.4335091334731185,0.0085341365461848,0.0
2024-04-03,20.42,19.92,0.0079721398803833,0.0187752550769524,0.0115030025561326,0.0363891667513536,0.0247905605800674,20.141,20.595,20.441333333333333,2,3,4,20.2236539086545,20.5295985492994,33.526011560693675,-0.2109104319549359,-0.1805146895729235,21.726305719799715,19.463694280200283,0.0141466968548976,0.01485618169382,0.0135670327536296,184228651.0,-0.3093770268057672,0,0,-1,0,0,0.0115461847389556,0.6060516198101507,0.2657111584068937,0.2358345731630284,0.0189620758483035,0.0093919920909539,0.0645109488260934,0.0156709108716944,0.0
2024-04-04,20.36,20.42,0.0245110310143497,0.0131292914417925,0.0123549878977612,0.2739308982350577,-0.0029426210541976,20.116,20.5925,20.457666666666668,3,4,4,20.24844410708096,20.51865670740912,34.01759530791789,-0.1874964483285879,-0.1819110413240564,21.725746384725607,19.459253615274395,0.0139213312699236,0.0147423743220743,0.013291685048341,183063129.0,-0.4103255975641994,0,0,-1,0,0,0.0112634671890302,1.989364005946326,0.2502716656008612,0.2340279371449991,0.001475651746188,-0.0024497795198432,1.0437866172224255,0.0166994106090373,0.0
2024-04-05,20.08,20.36,-0.0274931405801986,-0.0244510958641643,-0.0168404177952474,-0.1650726225122695,-0.0138478968587936,20.087,20.5495,20.451666666666664,4,5,4,20.21781790579351,20.490356274673047,35.15151515151514,-0.1893516298369633,-0.1833991590266377,21.692450475544025,19.40654952445598,0.0141127993924651,0.0136954813035604,0.0130648979278407,182074962.0,-0.8215579065690144,0,0,-1,0,0,-0.0132612966601178,0.946743300653982,0.2403147165023969,0.2174090256873334,0.004,-0.0410697230181472,1.2270660806411289,0.0089641434262948,0.0
2024-04-08,20.45,20.08,0.0108911967654502,0.0193657234808848,0.0136427764037866,-0.4560302056993081,0.0182585876652824,20.132,20.53,20.462666666666667,0,8,4,20.26003283201287,20.48775264404898,46.6463414634146,-0.1591315967755804,-0.1785456465764263,21.665364536900626,19.39463546309937,0.0140102131336475,0.0144124335763275,0.0134309778415458,182701257.0,-0.1409239013548653,0,0,-1,0,0,0.0114541832669322,-1.1249265826216346,0.2498721007137564,0.2287902901812001,0.0312657589510843,-0.0187140115163148,-0.0378412107588603,0.0146699266503666,0.0
2024-04-09,20.64,20.45,0.0127203280725726,0.0062923731333146,0.0105380217934281,0.5928318807124783,0.0092480581245513,20.207,20.4915,20.48133333333333,1,9,4,20.329117771646896,20.49757505411034,47.60479041916168,-0.1184847720491397,-0.166533471670969,21.550899532043367,19.43210046795664,0.0138735265739593,0.0130545754752982,0.013512800379095,183834290.0,0.2803474902685154,0,0,-1,0,0,0.0058679706601467,1.5715471396574845,0.2500692768515644,0.2072349610749717,0.036144578313253,-0.035964502568893,-0.3364100121611901,0.0104166666666666,0.0
2024-04-10,20.43,20.64,0.0009718173748322,-0.0026573273276817,-0.0097991964919961,0.0897986697170524,-0.0102265317838313,20.246,20.4455,20.49,2,10,4,20.347459994983826,20.493215373199995,47.32142857142858,-0.1020408521403943,-0.1536349477648541,21.42481178846169,19.46618821153831,0.01446060236117,0.0131892694410139,0.0136470452602368,182594804.0,-0.0316548829139428,0,0,-1,0,0,-0.002422480620155,1.8417114089665891,0.2140098225829682,0.2093731614932802,0.0004897159647403,-0.0430913348946137,0.5113461697285407,0.0176211453744494,0.0
2024-04-11,20.6,20.43,0.0038778526539788,0.0004836759465514,0.0017218058613598,-0.5359687261177597,0.0082866669660048,20.273000000000003,20.3975,20.513666666666666,3,11,4,20.39337635953222,20.500104703961284,53.49544072948328,-0.0744333268313717,-0.1377946235781576,21.22989350516514,19.56510649483486,0.0139956770738067,0.0131211795455219,0.0134397341976498,183320030.0,0.4865487266381934,0,0,-1,0,0,0.0117474302496329,-0.683470038263401,0.2185848394289507,0.2082922679116709,0.0117878192534381,-0.0445269016697587,-0.2556946640791023,0.0162621359223301,0.0
2024-04-12,20.06,20.6,-0.0067961426628347,-0.0063061086979847,-0.014606027701075,0.1030375774831149,-0.026563293261746,20.279000000000003,20.328,20.514000000000003,4,12,4,20.332762475980907,20.471710852092816,50.86705202312136,-0.0950321793461697,-0.12924213473176,21.00866840220252,19.64733159779748,0.0156514985718832,0.0141744298812178,0.0142727132689281,182516093.0,-0.7874612634663296,0,0,-1,0,0,-0.0033980582524271,-0.2492431661200413,0.2846075657021952,0.2250120986509516,-0.0009960159362549,-0.0648018648018647,-0.807020956989264,0.0249252243270189,0.0
2024-04-15,20.41,20.06,0.0063122326606502,0.0077557344652492,0.0143602368678357,0.3962592101914695,0.0172971942879639,20.337,20.2955,20.516666666666666,0,15,4,20.346805662166197,20.467729506796505,57.027027027027,-0.0821676657398562,-0.1198272409333792,20.88496809214043,19.70603190785957,0.0161530791613499,0.0144354249622925,0.0144028166611171,183710948.0,0.388485828246399,0,0,-1,0,0,0.0299102691924228,1.4952935169565658,0.280658148940774,0.2291552671185605,-0.0019559902200488,-0.0308641975308641,-0.8580090085948714,0.0181283684468398,0.0
2024-04-16,20.33,20.41,-0.0111950548619617,-0.0128783215908871,-0.0044345970678657,-0.482608949636316,-0.0039273491814982,20.378,20.2785,20.51633333333333,1,16,4,20.343750087226883,20.458843732164475,53.99449035812669,-0.0775340135897302,-0.1113685954646494,20.84150976907398,19.715490230926022,0.0162847441289232,0.0138864986343212,0.0144225677860835,182973518.0,0.1829453157969274,0,0,-1,0,0,0.0009799118079372,-0.6391262445661755,0.2676891434595797,0.2204413318071119,-0.0150193798449613,-0.0164489598451864,-0.277507216235705,0.0095917363502213,0.0
2024-04-17,20.15,20.33,-0.0207722602338885,-0.0113134507238715,-0.0169326754764431,0.0675191038718827,-0.0088933392475632,20.351,20.246,20.513666666666666,2,17,4,20.308522798640176,20.43891833008935,47.44318181818184,-0.0873790551975801,-0.1065706874112356,20.75467837017439,19.73732162982561,0.0144006525959488,0.0138960436684646,0.014481415443102,182184578.0,-0.3774487205622214,0,0,-1,0,0,-0.0157402852926707,-0.4952609445633263,0.2655867272466581,0.2205928545267072,-0.0137053352912384,-0.0312500000000001,-0.347651861089493,0.0151364764267989,0.0
2024-04-18,19.98,20.15,0.0024956339381471,-0.0032206147000422,0.0010040161485984,-0.445937802472673,-0.0084725151722844,20.313,20.2145,20.499333333333333,3,18,4,20.2487913807056,20.40931069589004,49.70238095238096,-0.1076578877370906,-0.1067881274764066,20.706005742397384,19.72299425760262,0.0145767377845933,0.0138767115707026,0.0144586815598887,181679480.0,-0.9542106216549812,0,0,-1,0,0,-0.0044665012406947,-1.6699181231918998,0.2480683441847925,0.2202859669887101,-0.0300970873786408,-0.0305676855895196,0.5011346833077439,0.0110110110110109,0.0
2024-04-19,19.98,19.98,-0.0014966328560625,-0.0004964011022756,0.0007523511326666,0.0759250620681014,0.0,20.303,20.195,20.467333333333336,4,19,4,20.199920220577305,20.38161323163907,52.35109717868341,-0.1223189914334348,-0.1098943002678122,20.69145055943921,19.69854944056079,0.0139579740030758,0.0136696192074236,0.0135622918619285,181679480.0,-0.8661486865594948,0,0,-1,0,0,0.0025025025025025,-1.3252979613050584,0.1714378780032653,0.2169984776387689,-0.0039880358923229,-0.0191458026509573,1.657972121541313,0.0097597597597597,0.0
2024-04-22,20.61,19.98,0.0133897363700147,0.026459162349812,0.0166566933656124,1.0511512013757205,0.0310446216819601,20.319,20.2255,20.459666666666667,0,22,4,20.274480180472334,20.3963478618559,59.24932975871308,-0.0821552522618169,-0.1043464906666132,20.74588346192128,19.70511653807872,0.0163358442681241,0.0148294531842189,0.0148192419814357,183238525.0,1.4777564167024286,0,0,-1,0,0,0.016016016016016,2.5265925305695283,0.2677415328115376,0.2354102712271102,0.0097991180793728,0.0304999999999999,1.989132414343416,0.019408054342552,0.0
2024-04-23,21.01,20.61,0.0204785313435404,0.0172583382292807,0.0171111483601779,0.2253054862896231,0.0192221199545415,20.356,20.2815,20.44633333333333,1,23,4,20.40821105675009,20.43593832238133,58.12672176308536,-0.0178428611471659,-0.0870457647627237,20.88437993049948,19.678620069500525,0.0172035427464,0.0152413374289716,0.0143730719711511,185191549.0,2.416733293465092,0,0,-1,0,0,0.0053372149442018,2.824552265955133,0.285523856888219,0.2419487309104777,0.0334481062469258,0.0563097033685269,0.6957530818468104,0.0195145168967158,0.0
2024-04-24,20.97,21.01,0.0129467164412593,-0.0014268730125999,0.0101278898020058,-1.0932870806786052,-0.0019056699430805,20.410000000000004,20.328,20.433666666666667,2,24,4,20.51035450097735,20.47039391448576,58.44875346260384,0.0295567941266732,-0.0637252529848443,20.99273896742222,19.66326103257778,0.0167508289255373,0.0152347425180484,0.0143691064569544,184537065.0,1.9315852732076204,0,0,-1,0,0,-0.0009519276534984,-0.7665206165184023,0.2651633506349676,0.2418440399451488,0.0406947890818858,0.0464071856287424,0.7321761705012506,0.0081068192656176,0.0
2024-04-25,20.72,20.97,-0.0129467164412592,-0.0114936916169735,-0.0127974703220326,-0.0860944891125338,-0.0119934275225462,20.422,20.347500000000004,20.405666666666665,3,25,4,20.54847186443601,20.486497532906032,58.9385474860335,0.0464134266731122,-0.041697517053253,21.03497822937325,19.660021770626752,0.0172178073314043,0.0152753612181813,0.0143785690713136,183936571.0,1.083670679548906,0,0,-1,0,0,-0.0119217930376728,-0.8751001935926684,0.2796319452127515,0.242488841819931,0.0370370370370369,0.0191834727004427,0.5545886661482635,0.0094063706563706,0.0
2024-04-26,21.07,20.72,0.0119934275225463,0.0181350822523513,0.0183005348139012,0.431160700288602,0.0167508104248153,20.523,20.401000000000003,20.393000000000004,4,26,4,20.64329516181128,20.52414285336371,58.707865168539314,0.0870114900451248,-0.0159557156335774,21.139273947207485,19.66272605279252,0.0149774509988639,0.0150963701010081,0.014730434438951,184860757.0,1.812335387237992,0,0,-1,0,0,0.012065637065637,0.0049713264888239,0.2770856534317361,0.2396474459223523,0.0545545545545544,0.0535000000000001,-0.314272399104194,0.0092548647365923,0.0
2024-04-29,26.71,21.07,0.2919647342437818,0.3307143883683887,0.2332568773097749,2.5919589803335685,0.2371877993057718,21.153,20.745,20.58133333333333,0,29,4,21.74633240511832,20.92323041121121,83.68479467258598,0.5677420355355061,0.1007838346002392,23.63599145260236,17.854008547397637,0.0847155787391518,0.0609553070599115,0.0509127103190107,197204102.0,4.126611993010589,0,0,-1,0,0,0.3327005220692927,4.20727683593059,1.871948649946572,0.9676355014206344,0.2959728287239205,0.3469490670700959,2.167421880160486,0.1115687008611007,0.0
2024-04-30,26.55,26.71,-0.0455369147200776,-0.0839281902344656,0.0011331445971686,-1.170668000453313,-0.0060082794339216,21.775,21.076500000000003,20.77733333333333,1,30,4,22.619726513278625,21.2862478040363,84.15178571428568,0.9251492488338364,0.2656569174469587,24.929571365474672,17.223428634525334,0.0848103034480869,0.0611095572709311,0.0507299417491876,193375694.0,2.8411101071447225,0,0,-1,0,0,0.0044926993635341,0.8275604222852603,1.9131918951332856,0.9700841476088562,0.2636839600190386,0.3328313253012047,2.1924028018886763,0.0218455743879473,0.0
2024-05-01,26.76,26.55,-0.0127533611535544,-0.0022189358216855,-0.0078639848161294,-0.9280004158598204,0.0078784875720798,22.436,21.3935,20.976,2,1,5,23.37250351086433,21.639393107001705,84.22222222222219,1.2113782706620526,0.4548011880899775,25.99053920733296,16.796460792667038,0.0841233858419097,0.0610957097376098,0.0507273173664811,194889230.0,2.3347636415367674,0,0,-1,0,0,-0.0022598870056498,-0.0680678289390608,1.8966626236349144,0.9698643248322172,0.2761087267525037,0.3104799216454457,2.1860796506997064,0.0271860986547086,0.0
2024-05-02,26.56,26.76,0.00564654238821,-0.0063138557010432,0.0088072921212445,0.3468981690522295,-0.0075019106517946,23.094,21.7035,21.174333333333333,3,2,5,23.952048327070813,21.9568516162274,87.52886836027709,1.405872481260662,0.6450154467241145,26.814545932721398,16.592454067278602,0.0840731095695514,0.0611747119650073,0.0507071717919085,192748072.0,1.900393799597156,0,0,-1,0,0,-0.0044843049327354,0.1534336804949126,1.8870264475978815,0.9711184463125012,0.2818532818532819,0.3045186640471513,2.1961456795826995,0.0122364457831325,0.0
2024-05-03,26.82,26.56,0.0145335146161679,0.0077936931890095,0.0074210100561727,-0.2535224798062174,0.0097415532452993,23.778,22.0405,21.389333333333337,4,3,5,24.47349408578521,22.27060312485789,87.3978996499416,1.5629733872138658,0.8286070348220649,27.572316014757234,16.50868398524277,0.0837203708280591,0.0608195708687397,0.0505487806055134,194409744.0,1.728003963707296,0,0,-1,0,0,0.0176957831325302,-0.0430599384971662,1.8969014212018096,0.9654807561861238,0.2728998576174655,0.3356573705179284,2.2120649750875088,0.0125838926174497,0.0
2024-05-06,26.88,26.82,-0.0055648446334075,-0.0044460984689829,-0.0068554524956176,0.0791431161711405,0.0022346378014163,24.405,22.362,21.61866666666667,0,6,5,24.911040615642445,22.56798356841545,88.30409356725143,1.6730328048442829,0.9974921888265084,28.24110698554128,16.482893014458725,0.0842722963242712,0.0608945312704936,0.0502895034019179,196208270.0,1.5369681181551196,0,0,-1,0,0,0.0022371364653243,-0.0131181420207976,0.1246828629384174,0.9666707156734335,0.0063646574316733,0.3144254278728606,-0.1353080564514809,0.0148809523809523,0.0
2024-05-07,26.51,26.88,-0.0067189502487449,-0.006893366840294,-0.0047227819907517,-0.3848538774218689,-0.0138604953540144,24.955,22.6555,21.839333333333336,1,7,5,25.20176050370745,22.82230720916284,86.38443935926773,1.710680122875587,1.1401297756363242,28.75461632944246,16.556383670557533,0.0853666083718842,0.0612311988969708,0.050405283927905,194984283.0,1.2639535932092496,0,0,-1,0,0,-0.0066964285714285,-0.236556557459324,0.160400295222421,0.9720151485583034,-0.0015065913370997,0.2843992248062015,-0.5097652535765135,0.0128253489249339,0.0
2024-05-08,26.0,26.51,-0.0254138463997297,-0.0228808317871375,-0.0185385146748225,-0.1856960706966297,-0.0194254822794521,25.458,22.934,22.038,2,8,5,25.346894957578822,23.027319647281367,83.14977973568278,1.6799971940069405,1.2481032593104475,29.113386445447222,16.75461355455278,0.0861761086480025,0.0614536681750948,0.050699116856186,193967730.0,0.9923315290497592,0,0,-1,0,0,-0.0181063749528479,-0.3119081679272092,0.1868845802334333,0.9755467388639124,-0.0284005979073244,0.2726382770435633,0.3034419828015399,0.0084615384615384,0.0
2024-05-09,26.38,26.0,0.0103192201772447,0.0144324571215858,0.0134127322133744,0.3010422903479692,0.0145096092676863,26.024,23.223,22.23966666666667,3,9,5,25.53473223801904,23.24362160552128,83.82663847780123,1.6671259854174671,1.3319078045318515,29.482894399653105,16.963105600346893,0.0853305320131173,0.0614409229427278,0.050699583115049,195341364.0,1.0086432129509877,0,0,-1,0,0,0.0115384615384615,-0.1875511906035306,0.2335660590968332,0.9753444145724444,-0.0067771084337349,0.2805825242718445,-0.3063099878942553,0.0094768764215314,0.0
2024-05-10,26.88,26.38,0.0180864010793076,0.0145987994211526,0.014361546914405,-0.3426350368130605,0.0187763683657803,26.605,23.564,22.469,4,10,5,25.77932637656103,23.478226663229588,83.60128617363341,1.6779291583411862,1.4011120752937185,29.84141616306278,17.28658383693722,0.0853051681230078,0.0607111756789179,0.0504832273270107,196316503.0,1.0564856348100098,0,0,-1,0,0,0.0151630022744504,-0.3455027649886616,0.2675055600837534,0.9637600358926188,0.0022371364653244,0.3399800598205384,-0.1477905160968757,0.0096726190476191,0.0
2024-05-13,26.96,26.88,0.0276209788914895,0.0260421832423316,0.0108230203703645,0.6906706228985858,0.0029717703891574,26.630000000000003,23.8915,22.706666666666667,0,13,5,25.993994308095388,23.702857201085745,83.01886792452827,1.673653249283234,1.4556203100916218,30.159518321948468,17.623481678051533,0.0124114318741231,0.0607823214193834,0.0503739780917899,198261957.0,0.9790973294558366,0,0,-1,0,0,0.0241815476190477,0.0159148924059412,0.2678485892072119,0.9648894395092984,0.0029761904761904,0.320921117099461,-0.1902123247545481,0.0252225519287833,0.0
2024-05-14,26.96,26.96,-0.0142676647477928,-0.0138536666998345,-0.0016717752570121,-0.4088938308927627,0.0,26.671,24.223,22.941333333333333,1,14,5,26.1696317066235,23.91299544617699,83.38907469342251,1.6512302065821771,1.4947422893897329,30.398534411144425,18.047465588855573,0.0121788687528912,0.0607226173173486,0.0504019510551806,198261957.0,0.8864010198245472,0,0,-1,0,0,0.0066765578635014,-0.2492878468760017,0.2370443193049708,0.9639416662718908,0.0169747265182949,0.3261190359075259,-0.8299241076406216,0.0127967359050444,0.0
2024-05-15,27.45,26.96,0.0058780477841909,0.0084080188258708,0.0131131253840471,0.0726842234065451,0.0180118819114332,26.74,24.588,23.175666666666665,2,15,5,26.402425941782862,24.14118928835912,86.53637350705753,1.65393317647073,1.5265804668059324,30.610965172882462,18.565034827117536,0.013162650813828,0.0604470571589423,0.0503519248246348,199651932.0,0.9503624602997016,0,0,-1,0,0,0.0126112759643916,-0.2239489206332792,0.1404649000068025,0.9595672843696084,0.0557692307692307,0.3622828784119107,-0.526392000694957,0.0080145719489981,0.0
2024-05-16,27.46,27.45,0.0134620916079204,0.0112218372190152,0.0076768792305719,-0.7696684543815641,0.0003642323842854,26.83,24.962,23.412333333333333,3,16,5,26.594712134185976,24.355306108464983,86.02029312288612,1.6380003673922907,1.548864446923204,30.70250648783823,19.221493512161768,0.0127202709619989,0.0602833961456979,0.050324072748517,200295722.0,0.8703064808975423,0,0,-1,0,0,0.0080145719489982,-0.5194715774306906,0.152885476662568,0.956969246327438,0.0409401061410159,0.3743743743743744,0.550050612459085,0.0116533139111434,0.0
2024-05-17,27.98,27.46,0.0036075075198734,0.0126980155590446,0.0097844592878615,0.4968811669174802,0.0187595688975101,26.946,25.362,23.675666666666665,4,17,5,26.84658265524307,24.589157327273696,66.93333333333331,1.6483322079445983,1.568757999127483,30.744558968808622,19.97944103119137,0.0135328734011515,0.0601424193444361,0.0501213597173306,201353847.0,0.97277150707351,0,0,-1,0,0,0.0112891478514202,-0.3689476332220348,0.1528089027291623,0.9547313089868305,0.040922619047619,0.4004004004004005,0.5498314718755247,0.0144746247319514,0.0
2024-05-20,27.38,27.98,-0.0083168080181994,-0.0199234805200866,-0.0137654245369439,-0.4010684085640921,-0.0216771493770323,26.996,25.7005,23.90666666666667,0,20,5,26.943567627017053,24.76921169325604,59.904534606205225,1.589779294326668,1.57296225816732,30.659614840379323,20.741385159620677,0.0158179633456118,0.0607003450162705,0.0504770471253095,200645322.0,0.6773386195152259,0,0,-1,0,0,-0.0157255182273052,-0.4870620969730411,0.2629492276062488,0.9635881044532252,0.0155786350148368,0.3284813197476952,-0.7140235522974105,0.0083674214755295,0.0
2024-05-21,27.31,27.38,-0.0116874960771888,-0.004724704409616,-0.0047974378674227,0.1878705095380129,-0.0025598843746892,27.076,26.015500000000003,24.129,1,21,5,27.01019169483213,24.933133519497588,56.79012345679008,1.5202033159157369,1.5624104697170034,30.497536543695038,21.53346345630497,0.0149536101319222,0.0608303808424808,0.0505358941680411,199790361.0,0.5776391992256261,0,0,-1,0,0,-0.0058436815193572,-0.4063479904231914,0.2655270579014598,0.9656523591993122,0.0129821958456972,0.299857210851975,-0.554629331843888,0.0084218235078725,0.0
2024-05-22,27.18,27.31,0.0007344840579916,-0.0027359798188747,-0.0034961853626963,0.112247935277218,-0.0047715267626159,27.194,26.326,24.354,2,22,5,27.041065932135385,25.078092647271937,57.7889447236181,1.4379975970363397,1.5375278951808709,30.14814819730678,22.50385180269322,0.0131443142654672,0.0608747802465798,0.0504693428568827,198833839.0,0.4468691196232303,0,0,-1,0,0,-0.002563163676309,-0.3736401452213537,0.2286517906627416,0.9663571778889456,-0.0098360655737704,0.296137339055794,0.2160329925393862,0.0091979396615158,0.0
2024-05-23,26.51,27.18,-0.0047838177707374,-0.00935872506447,-0.025577796877138,-0.3099403480805655,-0.0249593884220634,27.207,26.6155,24.551,3,23,5,26.944508489928943,25.170473766802782,46.469248291571766,1.3037566765805515,1.4907736514608072,29.380784605142573,23.850215394857425,0.0154569390691116,0.0612318034952067,0.0508785969254209,198132239.0,-0.0763031767535235,0,0,-1,0,0,-0.0025754231052244,-0.4757375082578027,0.2769612263711306,0.9720247462577556,-0.0345957756737071,0.2794401544401546,0.6787078995828786,0.0256506978498679,0.0
2024-05-24,26.98,26.51,-0.0103819990730414,-0.0029542118974315,0.0105343336849593,0.4504935225876757,0.0175738304786755,27.217,26.911,24.781666666666663,4,24,5,26.950961491760047,25.287217394750996,51.041666666666686,1.221217417800883,1.4368624047288223,27.823622594542783,25.99837740545722,0.0152994164486262,0.0612342194414485,0.0504448835282798,199233110.0,0.1512125612769154,0,0,-1,0,0,0.0120709166352318,-0.3234029317573522,0.2699091369241566,0.9720630982153764,-0.0357398141529664,0.2804935927859515,0.6088627215419709,0.0118606375092661,0.0
2024-05-28,27.39,26.98,0.02029215542277,0.0143200537747484,0.0187233201505793,-0.1471286987173438,0.0150821324953768,27.26,26.945,25.014333333333333,1,28,5,27.030786675076403,25.422880788638025,59.09090909090908,1.175339452457262,1.3845578142745103,27.876563484892888,26.013436515107117,0.0159935102056214,0.0139377516428967,0.0504366213529239,200183363.0,0.9553830892183752,0,0,-1,0,0,0.0148257968865826,-0.5672445050366989,0.2728745135264737,0.2212549480949196,0.0003652300949599,0.0254586297266941,-0.5497150678707828,0.0074844833880977,0.0
2024-05-29,27.24,27.39,-0.0099101563497286,-0.0027379774337226,-0.0064486635265336,-0.5655332694272187,-0.0054915019936752,27.288,26.9795,25.244666666666664,2,29,5,27.068825461426147,25.54011428614525,63.839285714285694,1.1140351838551936,1.3304532881906472,27.900517172287756,26.05848282771225,0.016151137493744,0.0139239758952649,0.0504532100104121,199643565.0,0.565678920737017,0,0,-1,0,0,-0.0102227090178897,-1.463848387507712,0.2755018621314809,0.221036264880774,-0.002563163676309,0.0259887005649717,-0.3786767295764712,0.0111967694566813,0.0
2024-05-30,27.36,27.24,0.0073502719750394,0.0012786557591975,0.0079168230855342,-0.1761023064800371,0.0043956114730381,27.279000000000003,27.0095,25.485,3,30,5,27.121766286621398,25.65752626768427,61.611374407582936,1.0628818659036554,1.2769390037332489,27.939456988290296,26.079543011709696,0.01509066974721,0.013859329062435,0.0503324540868888,200096203.0,0.753798303391189,0,0,-1,0,0,0.0025697503671072,-1.4669024051104915,0.274027258993637,0.220010028224478,0.0066225165562914,0.0224215246636769,-0.9025806015423996,0.0045687134502923,0.0
2024-05-31,27.14,27.36,-0.0055076327951182,-0.0054915019936752,-0.014407341930198,0.4275204718911486,-0.0080734383476266,27.247000000000003,27.0385,25.723666666666663,4,31,5,27.125081507235684,25.753169734285283,53.29949238578682,0.9931420086378786,1.2201796047141749,27.94532267753459,26.131677322465407,0.0152869657758366,0.0138785770700838,0.0503271523258572,199402105.0,0.223858539303302,0,0,-1,0,0,-0.0073099415204678,-0.9010730142588496,0.1854488164219587,0.2203155808733123,0.0237646171256129,0.0218373493975905,0.0374840779019245,0.0134487840825349,0.0
2024-06-03,26.76,27.14,-0.0178310816430724,-0.0140669054004351,-0.0095336734808612,-0.2090689141458968,-0.0141004191466953,27.125,27.035499999999995,25.949666666666666,0,3,6,27.05870305137465,25.81812652562172,47.64150943396227,0.8968712713654021,1.1555179380444205,27.945756759651363,26.125243240348627,0.013991840732169,0.0141186312179155,0.0505003668727332,198838956.0,-0.6053237113130844,0,0,-1,0,0,-0.0169491525423729,-1.112557976127918,0.1824691003330853,0.2241263223314253,-0.0081541882876203,-0.0022371364653243,0.7397179047746921,0.0089499252615844,0.0
2024-06-04,26.52,26.76,-0.0052611921433615,-0.0098963476865955,-0.0094358126017702,-0.2488876706432552,-0.0090090699423659,27.039,27.017499999999995,26.14666666666667,1,4,6,26.960757042033805,25.863408685259028,45.08928571428571,0.7920794256805195,1.0828302355716404,27.95454743466209,26.080452565337904,0.0128052030666543,0.0142462312295473,0.0504698292336273,198399887.0,-1.0618459249704888,0,0,-1,0,0,-0.008221225710015,-1.3371042497649634,0.1078645170248042,0.226151909719825,-0.0317634173055859,-0.013392857142857,1.076960252859316,0.0084841628959275,0.0
2024-06-05,26.49,26.52,-0.0011310086031271,-0.0013169035860478,-0.002277905312994,0.4239307261358884,-0.0011318620336834,26.957,27.0165,26.329333333333334,2,5,6,26.87516485257311,25.903833931371352,38.059701492537314,0.6985578437259186,1.005975757202496,27.955867648483448,26.077132351516543,0.0128200016252333,0.0139067670172195,0.0504701350781925,197729009.0,-1.1209668564805235,0,0,-1,0,0,-0.0003770739064855,-0.6523617529611551,0.1144595934422259,0.2207630824108701,-0.0275330396475771,-0.000754432289702,0.4582094931420701,0.0094375235938089,0.0
2024-06-06,26.27,26.49,-0.0148207158927039,-0.0020729301684636,-0.0080137807235535,0.4818395336349675,-0.0083396995865298,26.866000000000003,27.029999999999998,26.506000000000004,3,6,6,26.765134879378,25.92745754870224,35.93380614657208,0.5997753183344123,0.9247356694288794,27.91398618711907,26.14601381288092,0.0129235970412567,0.0133106110555435,0.050530521307121,196642824.0,-1.7194838812512303,0,0,-1,0,0,-0.0139675349188372,0.4404561977263951,0.0728286683117217,0.2112993999076506,-0.0398391812865497,0.0103846153846154,0.5590970790216843,0.0154168252759801,0.0
2024-06-07,26.3,26.27,0.009525695956965,-0.0018882180836743,0.0055401803756153,-0.2986160834992816,0.0011413354862703,26.845,27.026,26.692,4,7,6,26.68056490130927,25.95149254556016,27.540106951871664,0.5179397178899627,0.843376479121096,27.92299850382229,26.129001496177708,0.0105503687533745,0.0128985606983249,0.0504036619901794,197448604.0,-1.6187317970015904,0,0,-1,0,0,0.0038066235249334,-0.2362072580922625,0.0980315511048337,0.2047583032706359,-0.0309506263817244,-0.0030326004548899,0.0793013730753028,0.0079847908745246,0.0
2024-06-10,26.28,26.3,-0.015670108529306,-0.0034078033736619,-0.0128465001302444,-0.2704031417716485,-0.000760745567309,26.775,26.996,26.865666666666662,0,10,6,26.60773491925304,25.972686574878857,32.5949367088608,0.4463256181925779,0.7639663069353925,27.951766983310137,26.04023301668986,0.0083420523267794,0.0120963567759662,0.0504118740070162,196833736.0,-1.4982731408449637,0,0,-1,0,0,-0.0129277566539923,-0.7040077020536459,0.074290067768846,0.192023710794706,-0.0179372197309417,-0.0223214285714284,-0.4597563549228858,0.0173135464231353,0.0
2024-06-11,26.17,26.28,0.0103469020428929,-0.0038001185765081,0.0030828540793803,-0.1797934800691492,-0.0041944770743552,26.653,26.9565,26.84766666666667,1,11,6,26.52814675211612,25.98541647327377,32.18750000000004,0.3763564447180734,0.6864443344919287,27.981334261345648,25.93166573865435,0.0055254333645708,0.0120766214051226,0.0120293071970015,196320049.0,-1.5348823310557371,0,0,-1,0,0,-0.0019025875190259,-1.046385558405175,0.058646489861642,0.1917104214950035,-0.0131975867269984,-0.0293026706231454,-0.9916523708280256,0.0105082155139473,0.0
2024-06-12,26.28,26.17,0.0125025307294507,0.0171750942625201,0.0110963449630109,0.6865328178913632,0.0041944770743553,26.557,26.922500000000003,26.838666666666665,2,12,6,26.48302916082228,26.00442186209482,35.84905660377362,0.3260232581529436,0.6143601192241317,27.99103318056331,25.853966819436696,0.0061537905322553,0.0121389844826755,0.012016069315525,197340650.0,-1.202583151720736,0,0,-1,0,0,0.014902560183416,0.9078015139106892,0.0767671552845725,0.1927004046601892,-0.0079275198187994,-0.0252225519287834,-0.3955450255171382,0.0167427701674276,0.0
2024-06-13,25.91,26.28,-0.0121213605323448,-0.0175559015786224,-0.0180461798858873,0.2383259540842448,-0.0141791990423912,26.412,26.845500000000005,26.81033333333333,3,13,6,26.37884204067277,25.998330129056445,39.58333333333332,0.2533573910930471,0.5421595735979148,27.97423427019012,25.71676572980989,0.0062689984692392,0.0115571591067556,0.0121695292472907,196045382.0,-1.6576089248046617,0,0,-1,0,0,-0.0015220700152208,2.090029612996809,0.1116486585773773,0.1834642131532855,-0.0137038446897601,-0.0561020036429872,-1.272321057692262,0.0171748359706677,0.0
2024-06-14,25.69,25.91,-0.0282144319221681,-0.0178696271965692,-0.0116914815768023,-0.6919805353654939,-0.0085271834522263,26.267000000000003,26.757,26.781333333333336,4,14,6,26.25359803327772,25.978437862665707,25.475285171102698,0.1759883227003307,0.468925323418398,27.9581065074236,25.555893492576395,0.0062915346932819,0.0115983314320701,0.0121895759301816,195396992.0,-1.7766950614375268,0,0,-1,0,0,-0.0154380548050945,-0.5531997631971833,0.1115136399820876,0.184117803555368,-0.0231939163498098,-0.0644573925710123,-0.161879477094194,0.0108991825613078,0.0
2024-06-17,25.59,25.69,-0.0027477936817986,-0.0050534607057629,-0.0072389961253033,-0.109810459497911,-0.0039001609500948,26.15,26.6375,26.740333333333336,0,17,6,26.13294384540904,25.95337735539696,11.206896551724183,0.1053887583162875,0.3962180103979759,27.80126657094499,25.47373342905501,0.0055325884683512,0.0103554411342877,0.0120253720218044,194816032.0,-1.8001891893997588,0,0,-1,0,0,-0.0097314130011677,-0.7463400250076664,0.1067228261747516,0.164387531746164,-0.0262557077625571,-0.0854181558255897,0.2020495842105649,0.0130519734271199,0.0
2024-06-18,25.82,25.59,0.0148266469465749,0.0085371104452093,0.0136862197862051,-0.1767525428674652,0.0089477352467989,26.08,26.559500000000003,26.705,1,18,6,26.076044964425577,25.944772364726184,20.416666666666742,0.0672222761542435,0.3304188635492294,27.72284318603377,25.39615681396624,0.0066940072285835,0.0099475205408639,0.0121600014495487,195302869.0,-1.2713359374566156,0,0,-1,0,0,0.0089878858929269,-1.0595016605931251,0.1482150519708266,0.157911993076997,-0.0133740924722965,-0.0569758948137325,0.1067308686827541,0.0079395817195971,0.0
2024-06-20,26.22,25.82,0.0096358425269139,0.0179978053546715,0.014500012384754,0.3806540368092446,0.0153730929170573,26.053,26.505000000000003,26.69533333333333,3,20,6,26.10221860725729,25.962528986356755,28.73134328358209,0.0684625277235397,0.2780275963840915,27.62148885730724,25.388511142692767,0.0088349999093278,0.0107637503575931,0.0122956873517594,196015229.0,-0.510529053890194,0,0,-1,0,0,0.0096824167312161,-0.1191805745601177,0.1953054861903315,0.1708692397234438,-0.0022831050228311,-0.0399121201025265,0.3809834850813602,0.011441647597254,0.0
2024-06-21,26.25,26.22,0.0053557893899047,0.001137872301797,0.0030663113331451,-0.1222447261341158,0.001143510702079,26.051,26.458500000000004,26.703666666666667,4,21,6,26.12908795139233,25.981075503366,32.128514056224915,0.0710471974405244,0.2366315165953781,27.53330769397021,25.3836923060298,0.0084630585416284,0.0107644361597429,0.0117644368132569,196645619.0,-0.3879763815791663,0,0,-1,0,0,-0.0003813882532417,-0.3927206503162544,0.1535556795924173,0.1708801264950658,0.0131223465843304,-0.0342163355408388,0.3260447540335853,0.0095238095238095,0.0
2024-06-24,26.19,26.25,0.0003814610002387,0.0011365790198724,0.0,0.0542946235458794,-0.0022883305180121,26.04,26.442500000000003,26.697333333333333,0,24,6,26.140162869321,25.99455450314884,36.86635944700461,0.0674762441140508,0.2028004620991126,27.523588632651894,25.36141136734811,0.0084790874532065,0.0093174678358937,0.0114602699299948,195980056.0,-0.4671217370598432,0,0,-1,0,0,-0.0011428571428571,-0.2395432054497629,0.1296567202154641,0.1479102164557079,0.0194628260023355,-0.0120709166352319,0.7396531914487329,0.0106911034746086,0.0
2024-06-25,25.44,26.19,-0.0219789067187752,-0.0272517344078667,-0.0314894822565456,0.1776660474246189,-0.0290549200476991,25.956,26.365500000000004,26.64933333333333,1,25,6,26.01286052944445,25.95877679326827,29.85074626865675,0.0040804687828952,0.1630564634358692,27.50328131284518,25.22771868715483,0.0123255665892042,0.0102476409601212,0.0120017774781713,195185090.0,-1.6268504141374331,0,0,-1,0,0,-0.020618556701031,0.3830919043325058,0.268200452854146,0.1626762570333597,-0.0058616647127783,-0.0570793180133432,-1.3318283535623958,0.0149371069182389,0.0
2024-06-26,25.8,25.44,-0.0031237823136832,0.0048520231045281,0.0078678612006137,-0.2871966349385539,0.0140517534556502,25.919,26.286,26.610666666666663,2,26,6,25.974158615000004,25.948533129186448,38.53820598006647,-0.0169171383145396,0.1270617430857874,27.34159960514678,25.230400394853223,0.0134692939960316,0.0101527818053742,0.0123230737255015,195781604.0,-0.9208036790283252,0,0,-1,0,0,0.0051100628930817,-0.4274813462390067,0.2825091798823899,0.1611704146351294,-0.0007745933384972,-0.0580503833515881,-1.244891630041581,0.0118217054263565,0.0
2024-06-27,25.68,25.8,0.002733842749374,-0.0034910819009843,0.0,0.1564213073349939,-0.0046620131058113,25.859,26.208,26.568,3,27,6,25.920675230454545,25.93120841117442,39.86254295532646,-0.0427481166579468,0.0930997711370405,27.19510848338215,25.220891516617847,0.0133548992818706,0.0101435881335544,0.0123342193586651,195084089.0,-1.0697912314377045,0,0,-1,0,0,-0.0062015503875969,-0.0044693505610176,0.2467251057106033,0.1610244696195058,-0.0205949656750571,-0.0572687224669603,-0.9623860311771318,0.0083722741433021,0.0
2024-06-28,25.2,25.68,-0.0133492363189947,-0.0127091357726451,-0.0177905463063871,-0.2143864967122604,-0.0188684843043828,25.788,26.1,26.493,4,28,6,25.7896433703719,25.88403367496962,33.63095238095235,-0.100789502919504,0.0543219163257316,27.027248334457678,25.17275166554233,0.0138791195416699,0.010574322993281,0.0121365449365106,194521169.0,-1.9412275364752047,0,0,-1,0,0,-0.0147975077881619,-0.6655339016361432,0.2602064416219551,0.1678621735385619,-0.04,-0.0789473684210526,0.1093292397500528,0.0134920634920634,0.0
2024-07-01,25.08,25.2,0.0023687338355506,0.0007867821019554,-0.0019164742749938,-0.0598794561191078,-0.0047732787526577,25.727,25.997000000000003,26.413666666666664,0,1,7,25.66061730303155,25.832160534649,32.658959537572215,-0.1546875747435798,0.0125200181118693,26.89502356086009,25.09897643913992,0.0137554097104099,0.0105345343952618,0.0121269011639662,193990967.0,-2.042262675428568,0,0,-1,0,0,0.0063492063492063,-0.7683836719413796,0.2573449527531962,0.167230549126314,-0.0423825887743414,-0.0759027266028004,0.2507447111761867,0.0162679425837321,0.0
2024-07-02,25.28,25.08,-0.0162993073714975,-0.0043349821580528,-0.0038841220473061,-0.1009397053823572,0.0079428535139367,25.696000000000005,25.923,26.323666666666668,1,2,7,25.591414157025813,25.796537274349067,37.46478873239437,-0.1791981714747628,-0.025823619805457,26.799958860024603,25.0460411399754,0.0141114285591584,0.0105699621241339,0.0115984384018013,194470263.0,-1.4664313899102703,0,0,-1,0,0,-0.0051834130781498,-0.9693710282129234,0.2024195620841508,0.1677929468869825,-0.0062893081761006,-0.0553064275037369,-0.2122955823588906,0.0156249999999999,0.0
2024-07-03,26.03,25.28,0.0315608049122175,0.0280392200643929,0.0321748863200785,0.0718019370091824,0.0292361497278173,25.717,25.8985,26.278666666666663,2,3,7,25.671157037566573,25.811599385681387,47.01670644391408,-0.136530426218858,-0.0479649810881372,26.73151039360855,25.065489606391456,0.0169818951504891,0.0126973691981311,0.0125573943405931,194985239.0,0.3157223511470235,0,0,-1,0,0,0.0185917721518986,-0.8390620281379976,0.2882936548269778,0.20156448721816,0.0089147286821704,-0.0184766214177978,0.8554064478565946,0.0115251632731463,0.0
2024-07-05,26.76,26.03,0.0328524578798526,0.0283948662161489,0.0249389483472521,0.6736041239034677,0.0276585162535537,25.771,25.912,26.26033333333333,4,5,7,25.869128485281745,25.87278652208904,59.34065934065934,-0.0433117605486295,-0.0470343369802357,26.79275565645994,25.03124434354006,0.0185670005309758,0.0142456211508868,0.0136711425747378,195995258.0,1.9256191970617755,0,0,-1,0,0,0.0222819823280829,1.3165217107742824,0.3316200437030531,0.2261422250213302,0.0420560747663552,0.0101925254813137,-0.2380222384053415,0.014947683109118,0.0
2024-07-08,26.24,26.76,-0.0015043252178756,-0.0065537169317967,-0.0087536239262347,-0.6395501495565121,-0.0196232711841395,25.77,25.910500000000003,26.229,0,8,7,25.936559669775967,25.896477714212327,55.67010309278346,-0.0112650935927689,-0.0398804883027423,26.788787208789373,25.032212791210632,0.0197959174887246,0.014817629348322,0.0140818112165995,195462443.0,0.7503240322813731,0,0,-1,0,0,-0.0071001494768311,-0.7187490255399787,0.3354567293489898,0.2352225736511532,0.0412698412698413,-0.00114198705748,-0.2691312007261127,0.0173399390243901,0.0
2024-07-09,26.26,26.24,-0.0105941210299323,-0.0091152484836803,0.000191113235173,0.1338771376768812,0.000761904798762,25.777,25.9085,26.220666666666663,1,9,7,25.99536700254397,25.919930764908308,57.02306079664571,0.0155665126386637,-0.0287910881144611,26.78322762682049,25.0337723731795,0.0197779122888895,0.0148163954399746,0.0133607277637153,196071585.0,0.8036787434681897,0,0,-1,0,0,0.001905487804878,-0.3130335162274167,0.3240040676735888,0.2352029859633856,0.0470494417862841,-0.0015209125475285,-0.481476628127774,0.0079398324447829,0.0
2024-07-10,26.45,26.26,0.0037965117734428,0.004407585142938,0.0051462993595478,-0.0146418696069241,0.0072092894296581,25.878,25.917,26.203,2,10,7,26.07802754753597,25.95412878007552,56.6596194503171,0.0515677253540154,-0.0127193254207658,26.81003975279401,25.02396024720599,0.0169716524453262,0.0149016319784294,0.0130070237407582,196671873.0,1.193675865676587,0,0,-1,0,0,0.0049504950495049,-0.3513235260384892,0.3242518288662502,0.2365560740635905,0.0462816455696202,0.0064687975646879,-0.4445421379103313,0.0071833648393193,0.0
2024-07-11,26.72,26.45,0.0101791642353298,0.0134985176708953,0.0117181458058789,-0.1014316149693658,0.0101561903641365,25.97,25.9445,26.18066666666667,3,11,7,26.19474981162034,26.00353982652226,55.43478260869564,0.1007245988449199,0.0099694594323713,26.901897239266223,24.987102760733773,0.0167548019319705,0.0150142453179457,0.0128290566520095,197214259.0,1.6200172053856472,0,0,-1,0,0,0.0079395085066162,-0.6368188308971265,0.2723520701204752,0.2383437554076021,0.0265078755282366,0.0210164310278944,-0.2932665988420949,0.0089820359281437,0.0
2024-07-12,26.68,26.72,0.0044910255124638,0.0011166947000749,0.0022522532043252,-0.2273694831878986,-0.0014981276210219,26.07,25.964500000000005,26.162,4,12,7,26.28297711859846,26.047182418359537,54.66377440347071,0.1348990769492424,0.0349553829357455,26.96705410672566,24.96194589327435,0.0166105357490715,0.0150072855094356,0.0127989945036042,196782180.0,1.4273543845664771,0,0,-1,0,0,0.002245508982036,-1.0745932862696126,0.183673745280967,0.23823327187266,-0.0029895366218236,0.0152207001522068,-1.3509461389812527,0.007871064467766,0.0
2024-07-15,26.0,26.68,-0.0139126139539856,-0.0168827870387509,-0.0260198897335177,0.8349952310839007,-0.0258176830259408,26.15,25.969,26.116666666666667,0,15,7,26.231526733398734,26.0441383913686,48.18355640535372,0.1058916272936656,0.0491426318073295,26.97133201772396,24.966667982276043,0.0177403956702061,0.0158009015161149,0.0135371318983068,195786323.0,0.0618557512916568,0,0,-1,0,0,-0.0101199400299849,2.3685259061984647,0.2235941391326301,0.2508315354135816,-0.0091463414634145,0.0034735623311463,-1.6267983490381726,0.0171153846153846,0.0
2024-07-16,25.98,26.0,-0.0256965241410603,-0.016787879962799,-0.0098618221667523,0.1582837142287394,-0.0007695267790285,26.24,25.9835,26.078,1,16,7,26.18579460005351,26.040000430635143,55.99999999999998,0.0803628091613077,0.0553866672781252,26.977191151884487,24.989808848115512,0.0175837464266697,0.0156687861429006,0.0134829974893399,194619678.0,-0.007044442316632,0,0,-1,0,0,-0.01,2.6113854850590137,0.2227704582869881,0.2487342688822198,-0.0106626047220107,0.0112884390813545,-1.538022000347194,0.0100076982294071,0.0
2024-07-17,25.78,25.98,0.0007766990681724,0.0007692308071613,0.0007770008160922,-0.4173973784775577,-0.0077280137314121,26.290000000000003,25.993,26.045333333333332,2,17,7,26.112013763680142,26.023226209303846,49.76958525345623,0.0434913669304144,0.053007607208583,26.97440822562964,25.011591774370363,0.017853910632528,0.0157501111250452,0.0133275419956435,193851140.0,-0.4340701339920954,0,0,-1,0,0,-0.0084680523479599,0.521350920592796,0.2082599957390451,0.2500252629510082,-0.0253308128544422,0.0074247753028526,-0.9008832418608604,0.0100853374709077,0.0
2024-07-18,25.97,25.78,0.0131124130924948,0.008422714418222,0.0040693787384396,0.2595684454070322,0.0073430281636156,26.284,26.0005,26.027,3,18,7,26.08619307937466,26.019792260316503,53.28798185941042,0.0292645518842071,0.0482589961437078,26.978628718290203,25.022371281709795,0.0152282142033593,0.0157082565044216,0.0133311552856691,194847450.0,-0.0623639801790397,0,0,-1,0,0,0.0124127230411171,1.490929486924505,0.1957619373447706,0.2493608414466749,-0.0280688622754491,0.0058094500387295,-1.2178219771589522,0.0144397381594147,0.0
2024-07-19,25.87,25.97,-0.0096247133742095,-0.0126608251732902,-0.0087404654722051,-0.5162771847520866,-0.0038580294767192,26.195,25.983,26.00633333333333,4,19,7,26.04688524676108,26.01012824352189,58.31265508684865,0.0098074796755369,0.0405686928500737,26.957109039647506,25.00889096035249,0.0115740385033452,0.0153212979156147,0.0133440433492459,194252914.0,-0.2320068809563375,0,0,-1,0,0,-0.0046207162110126,-0.4459090922999629,0.1933399199976867,0.243218064284694,-0.0303598200899549,-0.0133485888634629,-1.085651419777802,0.0104367993815229,0.0
2024-07-22,26.43,25.87,0.0218106981397411,0.0236561966121697,0.0240929067138428,0.0824205325888838,0.0214157324182601,26.214,25.992,26.011666666666667,0,22,7,26.1165424746227,26.03721674393984,65.10067114093962,0.0391239333049178,0.0402797409410425,26.97972678944973,25.00427321055027,0.0124734408081293,0.016107084404933,0.0138659366978261,194898528.0,0.8868849254235804,0,0,-1,0,0,0.0212601468882876,-0.2009159923837412,0.1847538672979424,0.255692038090678,0.0165384615384616,0.0068571428571428,1.166914515541799,0.0100264850548619,0.0
2024-07-23,25.93,26.43,-0.0152558260098201,-0.0190336922333025,-0.0174819551622508,-0.5310178786087318,-0.0190991290656248,26.181,25.979000000000003,25.999333333333333,1,23,7,26.082625661054937,26.030299534653395,56.81341719077568,0.0217607681050928,0.0365759463738526,26.962589559279174,24.995410440720832,0.0139444480211371,0.0166758906497923,0.0143005645462807,194518903.0,-0.0996350551665329,0,0,-1,0,0,-0.015512674990541,-1.3543438943664845,0.2452153238256194,0.2647215572991475,-0.001924557351809,-0.0099274532264224,0.4623744792116521,0.0084843810258387,0.0
2024-07-24,25.97,25.93,-0.0007689350628771,0.0051749037382151,0.0057971176843259,0.0339002345855811,0.0015414261240839,26.133,26.0055,25.989,2,24,7,26.062148268135857,26.026409242095117,49.261083743842335,0.0111000458761125,0.0314807662743045,26.95594532502392,25.05505467497608,0.0136765330008761,0.0152910753705486,0.0143045960821939,194911618.0,-0.0747018246401686,0,0,-1,0,0,0.0026995757809487,-1.1651649991614674,0.2362384836489167,0.2427382962552992,0.0073700543056631,0.0208333333333332,-0.0556547007514173,0.0078937235271467,0.0
2024-07-25,25.75,25.97,-0.0104389117278291,-0.0051749037382152,-0.0108486147288485,0.3234135569423205,-0.0085073985649118,26.036,26.003,25.975,3,25,7,26.0053940375657,26.0085763877664,35.774647887323894,-0.0149287256238181,0.02219886789468,26.955980918827496,25.050019081172497,0.0131271397905901,0.0151138320346431,0.014366041455153,194368950.0,-0.5309655104349322,0,0,-1,0,0,-0.0092414324220253,-0.4780522209562739,0.2384446740099538,0.2399246455252019,-0.0084713130535232,-0.001937984496124,0.8718923271128368,0.0135922330097086,0.0
2024-07-26,25.76,25.75,0.0042660526207483,-0.0053950034516593,0.0007788162387432,0.2711025543754248,0.0003882741264077,25.944,26.007,25.957666666666668,4,26,7,25.96077693982648,25.99253920145889,42.105263157894775,-0.0343537890425764,0.0108883365072287,26.954930710363,25.059069289637,0.0131743644954345,0.0150739676679833,0.0143403894912123,195080610.0,-0.5211351363548723,0,0,-1,0,0,0.0034951456310679,0.2733093869364236,0.2378335917782488,0.2392918183230725,-0.0042520293776574,0.0031152647975078,0.5977012344700647,0.0073757763975154,0.0
2024-07-29,29.15,25.76,0.1039276009808774,0.1319362261231315,0.1076544959402265,1.606761710028916,0.1236320115603483,26.259,26.204500000000003,26.06566666666667,0,29,7,26.54063567803985,26.196246349751863,72.54290171606867,0.2212459907751203,0.052959867360807,27.840624753983207,24.5683752460168,0.0432553057905453,0.0325073437154982,0.0278800456612505,198629400.0,3.6005811816355324,0,0,-1,0,0,0.1129658385093167,4.016418726844675,0.988096908223734,0.5160380835270401,0.1029133560348087,0.1567460317460316,2.137169273538524,0.0315608919382504,0.0
2024-07-30,28.42,29.15,-0.0027942735610581,-0.0278129515758079,-0.0098349932195937,-0.8062639625650635,-0.0253617901275467,26.503000000000004,26.371500000000005,26.156666666666663,1,30,7,26.8823382820326,26.339714327187227,64.17266187050365,0.3607472884582137,0.1145173515802883,28.19540298682068,24.547597013179328,0.0447253106492605,0.0332274484859514,0.0283022618932426,197044783.0,2.246281753801856,0,0,-1,0,0,-0.0192109777015436,1.0415672877462454,1.004593935223579,0.5274693923702239,0.0960277670651754,0.1331738437001597,2.0739080636899825,0.0137227304714989,0.0
2024-07-31,28.18,28.42,-0.0109021653058483,-0.0126140425160967,-0.0113597245704078,-0.4083586320285087,-0.0084806161984205,26.743,26.5165,26.243,2,31,7,27.118276776208493,26.458442435110637,60.54913294797691,0.4467867976007156,0.1809712407843738,28.4337488513401,24.599251148659903,0.0447584785886824,0.0333983557616151,0.0283567315308963,195991424.0,1.7352989924466666,0,0,-1,0,0,-0.0049261083743842,0.2465186882791631,1.018561365435966,0.530182461262169,0.085098190219484,0.1147151898734175,2.119081907252237,0.0124201561391056,0.0
2024-08-01,27.88,28.18,-0.008879475851675,-0.0095660605477743,-0.0123935129219442,0.0410288921240887,-0.010702920578211,26.934000000000005,26.609,26.311666666666667,3,1,8,27.256771907806947,26.55015582639382,58.3565459610028,0.4851734580673401,0.2418116842409671,28.604340888978136,24.613659111021867,0.0452264838860726,0.0331063645061876,0.0284541570991297,194893948.0,1.2739677786595252,0,0,-1,0,0,-0.0053229240596166,0.2694963726654317,1.0222328825891982,0.5255472437809697,0.0827184466019417,0.0710718401844026,2.1223619200925987,0.0152439024390244,0.0
2024-08-02,28.48,27.88,0.0173302303693981,0.0183426659458665,0.0225170342444141,-0.0934711027605697,0.0212925006514518,27.195,26.695,26.387,4,2,8,27.47917701547841,26.674661902110348,67.4647887323944,0.5575826825575163,0.304965883904277,28.85889025893221,24.53110974106779,0.0452006810917345,0.0328876502043232,0.0285669942192278,195893490.0,1.6498064008854354,0,0,-1,0,0,0.0229555236728838,0.1292913003637936,1.0107997205813224,0.5220752618755305,0.1055900621118011,0.0642750373692078,1.870992413146272,0.0110603932584268,0.0
2024-08-05,28.03,28.48,-0.0184010853708912,-0.0073671618948585,-0.0135209318321635,0.0037078188691463,-0.015926721367078,27.355,26.7845,26.44633333333333,0,5,8,27.579326649027788,26.762103069716133,63.61221779548475,0.572061901943755,0.3583850875121726,29.016161877819357,24.55283812218065,0.0457243758464435,0.032763584729559,0.0287744220880955,194890235.0,1.116208519201868,0,0,-1,0,0,-0.0168539325842696,0.1015768111851652,0.2783115416806818,0.5201057835204406,-0.0384219554030873,0.0682164634146342,1.4777922070741032,0.0173028897609703,0.0
2024-08-06,28.38,28.03,0.0049875415110391,0.0101594848261131,0.0069612061561166,0.0541187889257002,0.0124093065551995,27.6,26.8905,26.519333333333336,1,6,8,27.724903621931823,26.866483516831224,66.92708333333334,0.6048070236629535,0.4076694747423288,29.2166576631334,24.56434233686659,0.0448336172529842,0.0328115561892297,0.0288148749940567,195949281.0,1.280652660485275,0,0,-1,0,0,0.0039243667499107,0.150724372518776,0.2575892974340524,0.5208673068343439,-0.0014074595355384,0.0807311500380807,0.6552654971284007,0.0204369274136716,0.0
2024-08-07,28.74,28.38,0.0283781523327612,0.0186469491298811,0.0211201092145321,-0.5402904149952104,0.0126052089189821,27.877,27.005000000000003,26.62933333333333,2,7,8,27.909466599762403,26.987355548003407,67.64331210191085,0.6522875945408124,0.4565930987020255,29.461642981165998,24.54835701883401,0.0447408328116959,0.0328592094430763,0.0282291417341721,196566259.0,1.4124966576759297,0,0,-1,0,0,0.0200845665961945,-0.4958611548498275,0.258537859966704,0.5216237787873906,0.0198722498225691,0.086578449905482,-0.4259728200325797,0.0180932498260264,0.0
2024-08-08,29.01,28.74,-0.0083247098860316,-0.0060049935960856,-0.0017430717329467,0.1358025959670249,0.0093507174824339,28.203000000000003,27.1195,26.73633333333333,3,8,8,28.10956358162378,27.1178487384548,69.57605985037408,0.7035924566868204,0.5059929702989845,29.728928047851117,24.510071952148884,0.0442294819062973,0.0328524596246752,0.0281860291204592,197272980.0,1.448976530743467,0,0,-1,0,0,-0.0010438413361168,-0.3791819374306448,0.2235554291878674,0.5215166287420857,0.0405308464849354,0.0857035928143714,-1.6337477697836722,0.0136159944846604,0.0
2024-08-09,28.77,29.01,0.0034770549634644,-0.006734032181344,-0.0068271599969805,0.915322129820084,-0.0083074205698562,28.504,27.224,26.83933333333333,4,9,8,28.229642930419452,27.22443914242546,65.19480519480518,0.716625126952934,0.5481194016297745,29.92510620615185,24.522893793848148,0.0445832405467539,0.0329534351699119,0.028233314471733,195507888.0,1.1447161881150305,0,0,-1,0,0,-0.0068941744226129,1.0618576153203916,0.2101745442318443,0.5231195658292592,0.0101825842696627,0.078335832083958,-0.7458348499045998,0.01372957942301,0.0
2024-08-12,28.35,28.77,-0.0080153765947157,-0.0093995470115043,-0.0061668770895693,-0.8911142154586374,-0.0147061473896954,28.424,27.341500000000003,26.944333333333336,0,12,8,28.251526033979555,27.2970559719464,65.87926509186354,0.6851649668827555,0.5755285146803707,30.022797996761707,24.6602020032383,0.0154195076784466,0.0325232148521623,0.0281287841145822,194783850.0,0.752247606359307,0,0,-1,0,0,-0.0066041014946124,-0.4231908021959713,0.2038020089756102,0.5162900300108637,0.0114163396361042,0.0903846153846155,-0.6990961448345842,0.0105820105820106,0.0
2024-08-13,28.51,28.35,-0.0148046412118795,-0.0024514107881252,-0.0053163336272327,-0.1659749899613622,0.0056278727508195,28.433,27.468,27.058666666666667,1,13,8,28.298521300528726,27.37531042536921,66.40826873385015,0.665472078316288,0.5935172274075542,30.117374106834404,24.8186258931656,0.0133930775422467,0.0324969570258325,0.0280773678035383,195397159.0,0.7866008785335584,0,0,-1,0,0,-0.0067019400352734,-0.5391225200374986,0.1874723074535702,0.5158731999402362,0.0045806906272023,0.0973826020015395,-0.5706998798848295,0.0133286566117151,0.0
2024-08-14,28.66,28.51,0.0141046061815419,0.007336277445103,0.013413543859852,0.1458536822067767,0.0052475194754451,28.481,27.612,27.171333333333333,2,14,8,28.364244700432597,27.45819362373249,68.97001303780965,0.654425261595371,0.6056988342451176,30.187100202458417,25.036899797541587,0.0130855111516457,0.0323566748056267,0.0280706302463205,196106774.0,0.8139489088614767,0,0,-1,0,0,0.0017537706068045,-0.3965178433112286,0.1642126094215566,0.5136462887320656,-0.0027835768963117,0.1117145073700542,-0.7007712063632404,0.0073272854152128,0.0
2024-08-15,28.87,28.66,0.003844142423895,0.0071100620346039,0.0045478476146534,-0.1001809958154581,0.0073005712748179,28.58,27.757,27.266,3,15,8,28.456200209444848,27.549277906072334,69.75857687420584,0.6550646472231918,0.6155719968407325,30.268607579150988,25.245392420849008,0.0124078621279935,0.0323565652319189,0.0276748774613087,196748744.0,0.886284950912782,0,0,-1,0,0,0.0003489183531054,-0.4650167853126664,0.156844214901049,0.5136445493033794,-0.0048259220958289,0.1116673084328072,-0.806860093679743,0.0098718392795289,0.0
2024-08-16,29.09,28.87,0.0038294215639431,0.0063732883026831,0.0045272582984732,0.2263814458742825,0.0075914788322665,28.641,27.918,27.343666666666664,4,16,8,28.571436535000327,27.64867933148702,49.36170212765959,0.665650323743872,0.6255876622213604,30.33118832559884,25.50481167440116,0.0108540854735899,0.0322785812404699,0.0273068217509026,197553809.0,0.9713290815868384,0,0,-1,0,0,-0.0031174229303775,-0.249965217855021,0.1504059221835179,0.5124065918176698,0.0111226972540841,0.1244684963277926,-2.1709683939499738,0.0116878652457889,0.0
2024-08-19,29.33,29.09,0.0151727048633315,0.0075265493863504,0.0141454834068016,0.0765029561877579,0.0082164104822492,28.771000000000004,28.063,27.44666666666667,0,19,8,28.709357165000267,27.757151632681406,60.807600950118726,0.6855034854196838,0.6375708268610252,30.448068464220054,25.677931535779944,0.0089210101503916,0.0320827659975531,0.0269840921587394,198422881.0,1.0624432958693486,0,0,-1,0,0,0.0044688896528016,-0.1754592251318509,0.0206317623578273,0.5092981212036285,0.0345679012345678,0.109723798713583,-0.3524983256493953,0.0051142175247186,0.0
2024-08-20,29.38,29.33,0.0027341097004681,0.0030627895305457,0.0037613311569981,-0.4742525681007062,0.0017032877563716,28.871,28.235499999999995,27.550666666666665,1,20,8,28.83129222590931,27.861851527347124,64.92537313432835,0.6972345552748678,0.6495035725437937,30.464981648527782,26.006018351472203,0.0085008638461535,0.0315781476912089,0.0269806827866992,198963748.0,1.02669604906213,0,0,-1,0,0,-0.0010228435049436,-0.6647028777683295,0.0423290750960087,0.5012875539300438,0.0305156085584004,0.1330505206324719,-1.416616239909658,0.0044247787610619,0.0
2024-08-21,29.78,29.38,0.0088345800569794,0.0128293454445986,0.0061245512981141,0.4207215989319944,0.0135228565101316,28.975,28.426000000000005,27.66166666666667,2,21,8,29.00378454847125,27.985603041711823,73.05825242718448,0.7303887033918954,0.665680598713414,30.48499720100677,26.36700279899324,0.0086167538386787,0.0315896033451652,0.0270315033768721,199787521.0,1.3152033420326583,0,0,-1,0,0,0.0061266167460857,-0.2913885126188864,0.0670568108886641,0.5014694067988881,0.0390788555478018,0.1467077396996534,-0.0508515079777478,0.0110812625923437,0.0
2024-08-22,29.86,29.78,0.0181030756748291,0.0112813122084719,0.0111318403688441,-0.1682609038840018,0.0026827648551814,29.06,28.6315,27.76633333333333,3,22,8,29.15946008511284,28.10653187773042,69.16666666666666,0.7544224239577524,0.6834289637622817,30.359794261027616,26.90320573897238,0.0083727100472837,0.0313941317478982,0.0270096155572912,200483719.0,1.4216329102077243,0,0,-1,0,0,0.0107454667562122,-0.4949252198180989,0.0761716087193043,0.4983663913904175,0.0342916522341529,0.1596116504854368,0.4714868218651738,0.0113261888814467,0.0
2024-08-23,30.17,29.86,-0.0073358114902135,0.0010542334412507,0.0021781025616946,-0.5006738133097609,0.0103282610599253,29.2,28.852,27.88266666666667,4,23,8,29.34319461509232,28.23965885336072,80.92485549132948,0.7893842001964408,0.7046200110491135,30.094859182465072,27.60914081753492,0.007647629955751,0.0313482990998739,0.027012692211311,200905700.0,2.120916059671208,0,0,-1,0,0,0.000669792364367,-0.8684957042141445,0.0805013686068221,0.4976388206588192,0.0371261601925061,0.171195652173913,0.0001478855822649,0.0101093801789857,0.0
2024-08-26,30.08,30.17,0.0063386367358212,-0.0001656863561075,0.0050083577143723,-0.0755496517491661,-0.0029875540893307,29.373,28.8985,28.018666666666668,0,26,8,29.47715923053008,28.358390540240677,76.56249999999994,0.8006005867059933,0.7238161261804895,30.252888966934364,27.54411103306564,0.0046834036256414,0.0119406561683092,0.0264598422895442,200514425.0,1.7446982053823177,0,0,-1,0,0,-0.003314550878356,-1.3378942068525754,0.107398242010064,0.1895520402736536,0.0255710876235935,0.0319039451114921,0.2608128356392021,0.0049867021276596,0.0
2024-08-27,30.27,30.08,-0.0023306153382823,0.0034736615856528,-0.0011663752051295,0.3080595776022523,0.0062966239519883,29.549,28.991000000000003,28.16166666666667,1,27,8,29.62131209770643,28.481720182805795,75.2475247524752,0.8154213956612715,0.742137180076646,30.455972067298223,27.526027932701783,0.0046833354887707,0.010181934411144,0.0264364501673432,201046865.0,1.7461083778324835,0,0,-1,0,0,-0.002659574468085,-0.8776994364510208,0.1031720935304045,0.1616331979047482,0.0302927161334241,0.0650950035186488,-0.3600737535637359,0.009580442682524,0.0
2024-08-28,30.67,30.27,0.0139029051689914,0.0141009058834828,0.0142362940702291,0.206566368017372,0.0131278550925328,29.75,29.1155,28.324666666666666,2,28,8,29.81198262539617,28.622899525850585,76.26582278481007,0.8496494209605778,0.7636396282534323,30.707948958139557,27.52305104186044,0.0051885861307244,0.0100280525047706,0.0263540995896394,201701473.0,1.9523388703347997,0,0,-1,0,0,0.0049554013875124,-0.4233104648748593,0.1013343564022938,0.1591903983715293,0.0298858294157151,0.088360539389638,-0.4229953186309643,0.0094554939680469,0.0
2024-08-29,30.39,30.67,0.0042643987864575,-0.0052236488351267,-0.0034576473074527,-0.1166576135878617,-0.0091713711974584,29.902,29.241,28.472,3,29,8,29.917076693505955,28.736906008053776,75.31249999999997,0.8444474530787183,0.7798011932184896,30.819032085613934,27.66296791438606,0.0072197128698781,0.0099142658710363,0.0264988981741435,201118944.0,1.4562441543170306,0,0,-1,0,0,-0.0039126181936746,-0.5873298532396604,0.148741788329145,0.1573840915592245,0.0177494976557268,0.0900286944045911,-0.5496479120285558,0.0077328068443566,0.0
2024-08-30,30.17,30.39,-0.0111916902190237,-0.0100338040587267,-0.0097788133183781,-0.0409701383184387,-0.0072655537577318,30.01,29.325500000000005,28.615333333333336,4,30,8,29.963062749232144,28.82936368495353,80.33333333333327,0.8131986468683898,0.7864806839484697,30.912917299981228,27.738082700018783,0.0081305489799314,0.0093656947880867,0.0265476205491708,200559799.0,1.0639924360279889,0,0,-1,0,0,-0.0059230009871668,-0.5969641712995505,0.1504238456396276,0.1486757955876682,0.0,0.0593398876404493,0.6631080878928726,0.007457739476301,0.0
2024-09-03,29.77,30.17,-0.0079761140700088,-0.0078002221066017,-0.0100436063557575,0.0366916834219263,-0.0133468781432847,30.053999999999995,29.4125,28.726666666666667,1,3,9,29.92796043118993,28.8900498988275,69.44444444444437,0.7475399109843046,0.7786925293556367,30.887725228144276,27.93727477185573,0.0095147813461431,0.0091119313380246,0.0265785217192002,199979757.0,0.4846717547661619,0,0,-1,0,0,-0.006629101756712,-0.462755573544061,0.1784851389909124,0.1446474257034558,-0.0103058510638297,0.0620763467713163,0.6428626452131212,0.0097413503527041,0.0
2024-09-04,29.8,29.77,-0.017502971230976,-0.0026693375876682,-0.009805657604177,-0.0302419343477257,0.0010072184836738,30.096,29.4835,28.855666666666664,2,4,9,29.90469489824631,28.94875635696766,68.26923076923072,0.6899720704941004,0.7609484375833295,30.884300898758926,28.082699101241072,0.0095159189309282,0.0088441868358967,0.0262250677689218,200542520.0,0.4518843474192685,0,0,-1,0,0,-0.0107490762512596,-0.4522786893253747,0.1664379526325084,0.1403971134982433,-0.0155269243475387,0.0500352360817477,1.1019451202378727,0.0167785234899328,0.0
2024-09-05,29.83,29.8,0.0185034715645597,0.0036685050313264,0.0116545529959823,0.182060015234532,0.0010062050152983,30.101,29.538,28.98433333333333,3,5,9,29.89111400765607,29.005610785550395,66.32653061224481,0.6393992943779132,0.7366386089422463,30.901317934138163,28.17468206586184,0.0085086617834777,0.008514429308336,0.0262276572619736,201217659.0,0.4283666967010004,0,0,-1,0,0,0.0067114093959731,-0.0628870153665322,0.1007352085342799,0.1351623750329812,-0.0273883273557222,0.0379262352122478,0.0683425427680719,0.0088836741535367,0.0
2024-09-06,30.22,29.83,-0.0026702285558788,0.0092777338782368,0.0048580378649128,0.2741240908229487,0.0129893583179363,30.137,29.5985,29.133333333333333,4,6,9,29.950911460809508,29.08395847680521,68.1672025723472,0.6236012584535153,0.7140311388445002,30.97052539491059,28.22647460508941,0.0094300833034519,0.0087221679694993,0.0261425816314264,202105722.0,0.905959907601416,0,0,-1,0,0,0.0030170968823333,0.6558290073076339,0.1578088544730786,0.1384601240437713,-0.0055939453767687,0.0417097552568079,0.3461347216112592,0.0132362673726008,0.0
2024-09-09,30.03,30.22,0.0093147712745473,0.0,0.0016697282222951,-0.2769927969191925,-0.0063070748493545,30.123,29.6615,29.275666666666663,0,9,9,29.96529119520778,29.14499341378552,61.43790849673204,0.5889606176756708,0.6890170346107343,30.98831296031052,28.33468703968948,0.0091019558541381,0.0086086582382295,0.0262172945052166,201432517.0,0.5554663860289092,0,0,-1,0,0,-0.00066181336863,0.1932788383209908,0.1555979341839712,0.1366582129218173,-0.0046403712296984,0.0437956204379561,0.3048451143500093,0.0116550116550117,0.0
2024-09-10,29.72,30.03,-0.0183797989370895,-0.0183063857464858,-0.0188587285644365,-0.0493543416772807,-0.0103766621456805,30.087,29.73,29.294666666666668,1,10,9,29.920692796079088,29.182090612896136,55.12048192771082,0.5303793678619648,0.6572895012609804,30.904429312728237,28.555570687271768,0.0096125435954952,0.0082140979560895,0.011130769670165,200791731.0,-0.0170295476988245,0,0,-1,0,0,-0.0126540126540127,-0.0173347610739001,0.1416730591165426,0.1303947626192212,-0.0016795431642593,0.0483245149911815,0.6912462540640023,0.0121096904441453,0.0
2024-09-11,30.46,29.72,0.0279366355564288,0.0242255085856809,0.0238512501675576,0.1254410717729747,0.0245941276174574,30.106,29.8275,29.362666666666662,2,11,9,30.01874865133744,29.264536379806064,59.28961748633876,0.5374695069781588,0.6333255024044161,30.89431769767329,28.7606823023267,0.0125623781931547,0.0096226606290096,0.0108788241810869,201518157.0,1.185769605021496,0,0,-1,0,0,0.0259084791386271,0.5792135052357639,0.2297587681549823,0.1527550018507916,0.0221476510067113,0.0683970536653806,0.6362267691033568,0.0124753775443203,0.0
2024-09-12,30.76,30.46,0.0039279919571578,0.0110858650817628,0.0158106060266422,0.0746729079597687,0.0098007971704275,30.115,29.9325,29.448666666666668,3,12,9,30.153521623821536,29.361017903689547,61.59793814432989,0.5608310745822642,0.6188266168399857,30.92637333729969,28.9386266627003,0.0122304603515044,0.0097245785056195,0.0107637971125747,202300904.0,1.6652021317893109,0,0,-1,0,0,0.0049244911359159,0.9526156721546496,0.2299276880911073,0.1543728979847612,0.0311766677841101,0.0732728541521283,0.0475615739565395,0.0078023407022106,0.0
2024-09-13,30.74,30.76,0.0026101156743238,0.0022672074488961,0.0013063359140554,0.2357142721354194,-0.0006504065269935,30.15,30.026,29.544,4,13,9,30.260154055853985,29.44998449054829,57.93871866295257,0.5711476181514925,0.6092908171022872,30.94827179466076,29.10372820533924,0.0117852995838307,0.0097266790289441,0.0104783851566665,201310093.0,1.5483505060731713,0,0,-1,0,0,-0.0022756827048114,2.053811735879981,0.22482455924012,0.1544062427588014,0.0172071475843811,0.0647731208867334,0.9402941868338012,0.0087833441769681,0.0
2024-09-16,30.98,30.74,0.0058479698824231,0.0025848156556319,0.003258393238059,-0.0438876915232871,0.0077770968782728,30.231,30.1205,29.627333333333333,0,16,9,30.391035136607805,29.548695168577435,62.03208556149731,0.5918668745871969,0.6058060285992691,31.026119299627783,29.214880700372216,0.0115450809991486,0.0097312542813312,0.009942105927838,202258360.0,1.89814859368227,0,0,-1,0,0,0.0042290175666884,1.6361703686003477,0.2078016230237762,0.1544788726388103,0.0316350316350315,0.0649707803368855,0.282182342901939,0.0080697224015493,0.0
2024-09-17,31.19,30.98,0.0170230544001395,0.0163229740319305,0.0129284282954026,0.0476834238720753,0.0067556956309893,30.373,30.213500000000003,29.732666666666667,1,17,9,30.536301475406383,29.65458580286276,62.23404255319148,0.6181071253606127,0.6082662479515379,31.15847619021265,29.26852380978736,0.0101155599982523,0.0096965353082169,0.0093159675116823,203252939.0,2.0667187387658035,0,0,-1,0,0,0.0135571336346029,1.7734545938951871,0.1485496838154983,0.1539277260269952,0.0494616419919247,0.0634162973065122,1.1857924441784864,0.0115421609490221,0.0
2024-09-18,30.87,31.19,-0.0154046691949863,-0.0111733005981253,-0.0135792581263808,0.1965931523964416,-0.0103126921056439,30.48,30.288000000000004,29.81566666666667,2,18,9,30.596973934423406,29.73299962203291,52.71739130434781,0.60609470502229,0.6078319393656884,31.1902684861622,29.38573151383781,0.0111492427278157,0.010147267292312,0.0094924829069395,202042289.0,1.2900816307472749,0,0,-1,0,0,-0.0086566207117665,2.376149014697706,0.1311463590603656,0.1610828744541449,0.0134602757715036,0.0507147719537099,-1.2206827937623923,0.01392938127632,0.0
2024-09-19,30.91,30.87,0.0080528700600246,0.0035250797598684,0.0038986404156573,-0.2517336534428214,0.0012949176299569,30.588,30.3445,29.888,3,19,9,30.65388776452824,29.80893513028885,57.5581395348837,0.5929670856116687,0.6048589686148844,31.25431721707704,29.43468278292296,0.0111421753641572,0.0098068798482015,0.0093116374923332,202983511.0,1.2431068337369464,0,0,-1,0,0,0.0097181729834791,1.027951682265245,0.1148364662391304,0.1556793912949926,0.0048764629388815,0.0379449294828744,-1.0126294410515686,0.0135878356518926,0.0
2024-09-20,30.58,30.91,-0.0178027035497079,-0.0184024563616858,-0.0179949236559828,-0.1933899789208372,-0.0107335556431087,30.624,30.380499999999994,29.94033333333333,4,20,9,30.6404536255231,29.858681250915375,55.77464788732388,0.5495996677188799,0.5938071084356835,31.26625807559953,29.494741924400454,0.01143021497028,0.0101985206813863,0.0095158286347242,202207793.0,0.4504616000592928,0,0,-1,0,0,-0.0093820769977353,0.2306622782083225,0.1425873342825652,0.1618964967821838,-0.0052049446974625,0.0241125251172136,-0.3009858440004119,0.013080444735121,0.0
2024-09-23,30.15,30.58,-0.0016342543267945,-0.0039177327289016,-0.0059602825455035,0.1060113136170579,-0.0141612773277217,30.636000000000003,30.3795,29.98633333333333,0,23,9,30.55128023906435,29.87747600892084,55.307262569832375,0.4750571076294392,0.5700571082744347,31.266303247664748,29.49269675233525,0.0122353431233984,0.0105054785435605,0.0097821209897693,201345323.0,-0.5175894441170628,0,0,-1,0,0,-0.0003270111183779,0.5629382152539337,0.1419027309777585,0.1667693017799168,-0.0267914783731439,-0.0006629101756713,0.6884977274429072,0.015257048092869,0.0
2024-09-24,30.8,30.15,-0.003933141746837,0.0074955540767857,0.0056300860756056,0.3578308376035523,0.0213297668063343,30.744,30.4155,30.068,1,24,9,30.59650201377992,29.93699368576466,61.90476190476188,0.4630929126006293,0.5486642691396736,31.309538148288453,29.521461851711543,0.0132253901495952,0.0115206245723398,0.0099424774657107,202578848.0,0.8601422673877828,0,0,-1,0,0,0.0099502487562189,2.0949196514674746,0.2319446782746231,0.1828842453993065,-0.012504007694774,0.023936170212766,1.501207614915263,0.0168831168831168,0.0
2024-09-25,30.95,30.8,0.0304033766979562,0.0208842931669207,0.0210774897093036,-0.3899671701009184,0.0048583091510763,30.793,30.4495,30.14933333333333,2,25,9,30.660774374910844,30.00234893184436,62.96296296296294,0.4604076553831788,0.5310129463883747,31.3715223767494,29.5274776232506,0.0109758001355257,0.011491624808645,0.009935887143574,203414042.0,1.0856569485103318,0,0,-1,0,0,0.0191558441558441,0.1446631649375105,0.2245138988644693,0.1824238884224108,0.0025915127955944,0.0224644862900562,0.693077639802765,0.016962843295638,0.0
2024-09-26,31.57,30.95,-0.0003186235489757,0.0050745430810767,0.0106144451052241,0.3038572367085183,0.0198343034392952,30.874,30.4945,30.24633333333333,3,26,9,30.82608812492705,30.103487710435047,64.83516483516482,0.5025156999520348,0.5253134971011068,31.54124885142685,29.447751148573143,0.012222496826622,0.011959215159527,0.0104169837184902,204545793.0,2.0549341869999767,0,0,-1,0,0,0.0138933764135702,1.4267207418585854,0.2640993408873775,0.1898466551257325,0.0213523131672597,0.0293446364525593,-0.0600000383368274,0.0112448527082673,0.0
2024-09-27,32.74,31.57,0.0316789858783515,0.0395431005257878,0.0344346575631339,0.236011834099436,0.0363902693730886,31.074,30.612,30.375333333333334,4,27,9,31.17407210221304,30.27358527750376,74.50271247739596,0.6231129918512579,0.5448733960511369,32.06002733329292,29.16397266670708,0.0162412772714783,0.0140693017921139,0.0120946123319823,205978804.0,2.939171037829479,0,0,-1,0,0,0.0259740259740259,2.3116606432304123,0.3070039974196389,0.2233432419734935,0.0706344015696534,0.0773280684435671,-0.5448730514182094,0.0163408674404397,0.0
2024-09-30,32.72,32.74,0.0113585258016307,-0.0024356839564734,0.0076982674257523,-0.5333136892851745,-0.0006110602084426,31.248,30.7395,30.49633333333333,0,30,9,31.455149901810668,30.431418485406738,78.6259541984732,0.7089016052554733,0.5776790378920043,32.44909490432989,29.02990509567011,0.0163801386694093,0.0138716541362095,0.0121093908335016,205138117.0,2.316923143586809,0,0,-1,0,0,0.0006108735491751,-0.1973886496292559,0.2366321153282324,0.2202056827050664,0.085240464344942,0.0845210473980775,0.2595529618599155,0.006265281173594,0.0
2024-10-01,32.67,32.72,0.0039604012160969,0.0031956201584075,-0.007080220434509,-0.1473817747833798,-0.0015292861215674,31.396,30.8845,30.607666666666667,1,1,10,31.67603173784509,30.57584309925147,74.28571428571423,0.7640476515948968,0.6149527606325829,32.73406865528016,29.03493134471983,0.0165236576827173,0.0133341978828903,0.0121225719181847,204412634.0,1.930720435711043,0,0,-1,0,0,0.0051955990220049,-0.7527754133258798,0.2614984450466019,0.2116738291839116,0.0607142857142857,0.0974135035270407,1.074555825711869,0.0165289256198346,0.0
2024-10-02,32.46,32.67,-0.0233784870731983,-0.0120750416341332,-0.0114961651384263,-0.2944040592976611,-0.0064486635265336,31.555,31.0175,30.71033333333333,2,2,10,31.81857142187325,30.69740160897718,69.0582959641255,0.7817940109594623,0.6483210106979588,32.92049348674525,29.114506513254756,0.0161772438151238,0.0135457822151725,0.0122582482492371,203872167.0,1.516032514086166,0,0,-1,0,0,-0.0165289256198346,-1.563598231913344,0.2914007829045171,0.2150326263311284,0.0487883683360259,0.089261744966443,1.0008249953434691,0.0158656808379544,0.0
2024-10-03,32.06,32.46,0.0043478329361034,-0.007253677919367,0.0004686401710389,0.1980076682003838,-0.0123994149050382,31.670000000000005,31.129,30.78633333333333,3,3,10,31.86246752698721,30.78531118259156,63.63636363636365,0.7548796883993987,0.6696327462382468,33.00008637176235,29.25791362823765,0.017085612460409,0.0140389352304941,0.0124265441354575,203213353.0,0.9951437988649436,0,0,-1,0,0,-0.005853357979051,-1.0304106432388482,0.3091518549214189,0.2228611877521838,0.0155210643015522,0.0747569560844787,1.9108487591686951,0.0082657517155333,0.0
2024-10-04,32.42,32.06,-0.0102788632770041,0.004327672905782,-0.0029717703891574,-0.2129710336578282,0.011166369126123,31.854,31.239,30.871666666666663,4,4,10,31.96383706753499,30.89077497726307,64.51612903225806,0.7539082996312629,0.68648785691685,33.14345350638002,29.33454649361997,0.0164160244624325,0.0139800573454565,0.0125275726273756,203745793.0,1.2402508079547114,0,0,-1,0,0,-0.0037429819089208,-1.423564499598614,0.1382318277442288,0.2219265303029992,-0.0097739767868051,0.0727994705493051,0.6748204137544842,0.0154225786551511,0.0
2024-10-07,31.79,32.42,0.0012515646189417,-0.0114783329408511,-0.0077050463744052,0.7584003155812277,-0.0196237413848187,32.018,31.327,30.925666666666665,0,7,10,31.932230327983174,30.948789494859003,55.57620817843864,0.6942992822245309,0.6880501419783862,33.15744544479867,29.49655455520133,0.0172131061308677,0.0147573371032347,0.0130775824535865,202609109.0,0.5058877895712722,0,0,-1,0,0,-0.013571869216533,0.9907231475906628,0.1839262341768855,0.2342654639322333,-0.0284229828850856,0.0586080586080586,0.5459742767771603,0.0117961623151933,0.0
2024-10-08,31.9,31.79,-0.0069030710268731,-0.0031250025431351,0.0020499888910601,-1.023669968568415,0.0034542348680876,32.128,31.436,30.98633333333333,1,8,10,31.926370268349867,31.01015791454552,59.96131528046418,0.6484597468520263,0.6801320629531142,33.11705731142007,29.754942688579924,0.016255145828943,0.0144226952477568,0.0130487391268195,203017490.0,0.5520335289557001,0,0,-1,0,0,-0.0009436929852154,-1.8368781094851463,0.1941723931064756,0.2289531891650267,-0.0235690235690236,0.0733512786002692,0.2133850324826997,0.0065830721003135,0.0
2024-10-09,32.34,31.9,0.0078407176028367,0.013059887114609,0.0084706388835086,-0.2712668219046372,0.0136988443581621,32.267,31.53,31.055333333333333,2,9,10,32.00157567410444,31.09595417812323,62.83662477558349,0.6402554413966222,0.6721567386418158,33.191400804034735,29.868599195965263,0.0165724113932161,0.0137598162840418,0.0132036768278868,203328845.0,0.9750807848809326,0,0,-1,0,0,0.0034482758620689,-1.9204942998425985,0.2321755070343683,0.2184303118410692,-0.0036968576709796,0.06172028890348,-0.4589654018506917,0.0111317254174396,0.0
2024-10-10,31.83,32.34,0.0040530063275949,-0.0071307076287863,-0.0083131213593583,0.2657518763600415,-0.0158956128549594,32.293,31.583500000000004,31.094,3,10,10,31.97038009699454,31.143311973083023,60.86956521739128,0.5858474477618003,0.6548948804658127,33.20902372129396,29.957976278706045,0.0167167638989436,0.0142799564878778,0.013435220200757,202922710.0,0.303286869051377,0,0,-1,0,0,-0.0061842918985777,-1.4391906648149204,0.2440742543405226,0.2266872815984883,-0.0071740486587649,0.0347854356306891,-0.3844543418160647,0.0124096764059063,0.0
2024-10-11,32.13,31.83,-0.0037406527407978,0.0010883931728237,0.0086254749461554,-0.0957074172729569,0.0093809318337658,32.232,31.653,31.152,4,11,10,31.999401897540988,31.206969265142185,67.61565836298931,0.5604754020620213,0.6360109847850544,33.245192794483486,30.06080720551652,0.0115771114777223,0.0143661544212487,0.0133642532639471,203291777.0,0.5991736699885544,0,0,-1,0,0,0.0059692114357525,-1.3874568884708616,0.2384922480303267,0.2280556313698515,-0.0089450956199876,0.0452179570592063,-0.3827440764554905,0.0048241518829752,0.0
2024-10-14,32.38,32.13,-0.0037546977777698,0.0080483331828284,-0.0053233255503963,0.5029626088975017,0.0077507751217218,32.198,31.723000000000003,31.225666666666665,0,14,10,32.068601552533536,31.28264866739108,65.13409961685821,0.5541528545529388,0.6196393587386313,33.313711194821806,30.1322888051782,0.0119717865922778,0.0143656214815605,0.0132895242568285,203902071.0,0.8260456104649452,0,0,-1,0,0,-0.0071584189231249,-0.5812611881376281,0.1828034017643942,0.2280471712145791,0.0185592953759043,0.0451904454486766,-1.6800168946787228,0.0180667078443483,0.0
2024-10-15,32.13,32.38,0.0174025522956464,0.005687510527849,0.0070395284835278,0.5177077395205516,-0.0077507751217219,32.144000000000005,31.77,31.30433333333333,1,15,10,32.079764906618344,31.337316495301334,61.09022556390977,0.5229411395010644,0.600299714891118,33.34991338872032,30.19008661127968,0.01216198476876,0.0144935205895525,0.0131010322102642,202877890.0,0.4557211839208383,0,0,-1,0,0,0.0024706609017911,0.6943421711442607,0.2002723655589528,0.2300775066105011,0.0072100313479626,0.0301378647002243,-0.691957481376278,0.016962340491752,0.0
2024-10-16,32.27,32.13,-0.0061804893893824,-0.0067671743945841,0.0042000528414073,-0.4481039830580868,0.0043478329361034,32.125,31.84,31.386666666666667,2,16,10,32.114353105415006,31.397489624636734,57.231404958677686,0.503696164580063,0.580979004828907,33.37544781743575,30.304552182564244,0.012164350054133,0.0142309765419415,0.0131010154547312,203532176.0,0.5600971848305739,0,0,-1,0,0,0.0040460628695921,-0.3780703827764074,0.1731557636300266,0.2259097490614281,-0.0021645021645021,0.0453514739229026,-0.7834870948725404,0.0058878215060426,0.0
2024-10-17,31.76,32.27,-0.0087173652912545,-0.0110172578420934,-0.0150143577480032,-0.4576012992098204,-0.0159303696849355,32.095,31.8825,31.451,3,17,10,32.04992526806682,31.420877390789204,38.27751196172253,0.442194304860422,0.55322206483521,33.35534007781057,30.409659922189437,0.0125822989590967,0.0147978643418287,0.0135302097938716,203118144.0,-0.1663452833006819,0,0,-1,0,0,-0.0089866749302758,-1.043611927743977,0.1733473041262188,0.2349088139000957,-0.0021991831605402,0.0274991912002589,-0.7855498077408695,0.0099181360201511,0.0
2024-10-18,32.05,31.76,0.0012500001627605,0.0035822793545753,0.0033037078738845,0.2734654345904324,0.0090895469877439,32.05800000000001,31.956000000000007,31.512,4,18,10,32.04993885569103,31.46146594622216,42.47191011235955,0.4121037389278221,0.5249983996537324,33.29587273553745,30.616127264462563,0.0123739460027228,0.0146043894550112,0.0134395793879746,203662394.0,0.1403118333657049,0,0,-1,0,0,0.0081863979848866,-0.5911287028192995,0.1723074617188018,0.2318374952873631,-0.0024898848428261,0.0480706344015695,-0.7996474704314512,0.0101404056162245,0.0
2024-10-21,32.14,32.05,0.003118181509992,0.0008485205016519,0.0037623496332563,0.1692181665625187,0.0028041769426876,32.093,32.0555,31.58233333333333,0,21,10,32.06631360920176,31.505242336788477,44.09799554565702,0.3910116574828706,0.4982010512195601,33.09185951903754,31.019140480962463,0.0105766084411997,0.0140781887537056,0.0133473267129301,204306992.0,0.1630708232959027,0,0,-1,0,0,0.0021840873634945,-0.2445857177929188,0.1605559822739538,0.2234843181151889,-0.0074119827053737,0.0660033167495854,-0.7054676796424567,0.0072277535780958,0.0
2024-10-22,32.09,32.14,-0.0043681816727526,0.0002391961777293,0.0007820443035631,-0.9269869217777854,-0.0015569051876009,32.112,32.12,31.66133333333333,1,22,10,32.07062022571053,31.542968637640836,45.72748267898388,0.3660419451544037,0.4717692300065288,32.97142604837859,31.2685739516214,0.0105736056941509,0.0134339199014289,0.013154835835433,204051896.0,-0.0704700074824449,0,0,-1,0,0,-0.0049782202862476,-1.3422758500217615,0.151060689098126,0.213256867151654,-0.0012449424214129,0.041883116883117,-1.3799629221987506,0.0066999065129323,0.0
2024-10-23,31.9,32.09,-0.0031318534837939,-0.0048260387899883,-0.0078481018107039,0.1632585734150073,-0.0059384453309667,32.068,32.167500000000004,31.709333333333337,2,23,10,32.03959836649043,31.566002919083363,48.05825242718443,0.3271506668895938,0.4428455173831418,32.82888212544457,31.50611787455544,0.0096468974908918,0.0135347661540288,0.0125462451429343,203751561.0,-0.8089120939583838,0,0,-1,0,0,-0.0065440947335619,-1.0828702883498011,0.1490813680182219,0.2148577517818467,-0.0114657576696624,0.0306946688206783,-0.4609497132295548,0.0097178683385579,0.0
2024-10-24,32.19,31.9,0.0081225063873522,0.006532921041623,0.0101905718441164,0.6215621765314303,0.0090498355199178,32.104,32.1985,31.757,3,24,10,32.066944118037625,31.606260795271535,47.16049382716046,0.3160859825865181,0.4174936104238171,32.79710451759834,31.599895482401664,0.008664661236205,0.0129593863029526,0.0125298452910086,204310735.0,-0.0283993847360454,0,0,-1,0,0,0.0075235109717868,-0.19787161312909,0.1048926391710401,0.2057238798097763,0.0135390428211585,0.019638897687678,-0.2836156130854069,0.0060577819198508,0.0
2024-10-25,31.67,32.19,-0.0028041769426875,-0.0051294120393028,-0.0133471401216631,0.47145628035444,-0.0162859847601682,32.05800000000001,32.145,31.788000000000004,4,25,10,31.9947724602126,31.61037300202821,48.47715736040613,0.2623334694420975,0.3864615822274732,32.73095850406761,31.55904149593238,0.0096705844472532,0.0103842703519954,0.0129385477862695,203414756.0,-1.621275215574594,0,0,-1,0,0,-0.0043491767629698,1.263061669015167,0.1508986782667705,0.1648451813894469,-0.0118564742589701,-0.0326817348808796,-0.5067562031337806,0.0143669087464478,0.0
2024-10-28,26.62,31.67,-0.2019195248470583,-0.1822280595286816,-0.1925539381689203,1.5620032671751738,-0.1737070475835829,31.482000000000006,31.84,31.64266666666667,0,28,10,31.01754110381031,31.28841345351027,20.27027027027033,-0.1856188809638403,0.2720454895892105,34.351673797137295,29.328326202862694,0.0504897679945202,0.0367797940593348,0.0319736868332237,199142402.0,-4.156590721254916,0,0,-1,0,0,-0.1730344174297442,4.087976675063444,1.1155333596147277,0.583861130119025,-0.1717485998755444,-0.1864303178484107,-2.143604450631136,0.0244177310293012,0.0
2024-10-29,26.84,26.62,0.0256327641077793,0.0155847310166983,0.0219872390452859,-0.7059828310120161,0.0082304991365154,30.953000000000003,31.5485,31.497666666666664,1,29,10,30.257988175844797,31.00141903715477,18.24480369515011,-0.5169135272253165,0.1142536862263051,34.87548868111673,28.22151131888328,0.051104984005172,0.0369569731351603,0.0319929074527719,201251335.0,-2.830487537709063,0,0,-1,0,0,0.0093914350112697,1.4037060036487763,1.13596156988678,0.5866737607519763,-0.1636023683390465,-0.1784511784511785,-2.1182655023452712,0.0182563338301042,0.0
2024-10-30,26.32,26.84,-0.0390867437129987,-0.028949635832864,-0.0316156592795218,-0.4650331038643966,-0.0195642056463645,30.358,31.2415,31.346,2,30,10,29.54199032569119,30.699392002499625,18.22376009227223,-0.8120655888008308,-0.071010168779122,35.27291492727527,27.210085072724738,0.0505758521759834,0.0370217419450402,0.0320930849025273,199926684.0,-2.441574528437996,0,0,-1,0,0,-0.03725782414307,0.4962239991436545,1.1197802060034712,0.5877019337339113,-0.1749216300940438,-0.1891558841651263,-2.040843063810789,0.0207066869300912,0.0
2024-10-31,26.2,26.32,0.0092450581440509,-0.0028465718054299,0.0035964661320521,0.1156244162836652,-0.0045696956900652,29.802,30.948500000000003,31.189000000000004,3,31,10,28.93435572102006,30.40910864749965,15.076560659599508,-1.0436284223565655,-0.2655338194946108,35.54204822149788,26.354951778502123,0.0507768695515545,0.0370335876035464,0.0320728144456909,198439665.0,-2.0674649621732266,0,0,-1,0,0,-0.0091185410334347,0.6228388816172742,1.0892938487608903,0.5878899777330509,-0.1860826343584963,-0.1827822832189645,-2.094221976700444,0.014385496183206,0.0
2024-11-01,26.49,26.2,0.0159759959337243,0.0184527924646097,0.0178438651058173,-0.3085977458968318,0.0110078925169272,29.246,30.652,31.052666666666664,4,1,11,28.48992740810732,30.156262928306127,15.47479484173502,-1.1900251902722374,-0.4504320936501361,35.59766093715811,25.706339062841884,0.0508945063453028,0.0370289248245627,0.0321844715581548,199531845.0,-1.6830915232096668,0,0,-1,0,0,0.0114503816793893,0.1647383456252461,1.1400537597551468,0.5878159584113943,-0.1635617303441744,-0.1829117828500925,-2.0838826498331247,0.0151000377500944,0.0
2024-11-04,27.08,26.49,0.0246005696983188,0.018667948087306,0.02432299514022,0.0559930409993748,0.0220281447600959,28.74,30.416500000000003,30.950333333333333,0,4,11,28.233576970269624,29.957794352286378,21.533258173618904,-1.2440964450178775,-0.6091649639236845,35.57785141422489,25.25514858577512,0.0521183242739707,0.0375998666365818,0.0324838266309622,200686924.0,-1.2928784468364165,0,0,-1,0,0,0.0252925632314081,0.2321988846638248,0.2535655268336965,0.5968793786975406,0.0172802404207361,-0.1481597986788299,-0.5561745815745517,0.0094165435745937,0.0
2024-11-05,27.08,27.08,-0.0014738396183005,-0.003117838380797,-0.002776494148292,-0.5697834955119913,0.0,28.239,30.1755,30.82633333333333,1,5,11,28.02383570294787,29.772130200525968,20.27491408934705,-1.2722822264280786,-0.7417884164245634,35.49295279345242,24.858047206547575,0.0521673097450998,0.0375559596432397,0.0321582909487178,200686924.0,-1.164279259351999,0,0,-1,0,0,0.0014771048744461,-0.3296451777035665,0.2506240685954786,0.5961823767863431,0.0089418777943368,-0.1510971786833855,-0.0660067856346761,0.0090472673559821,0.0
2024-11-06,26.53,27.08,-0.0204887033004727,-0.0237929439382207,-0.0264829074467499,-0.059660087313094,-0.0205192798944258,27.702,29.885,30.679,2,6,11,27.7522292115028,29.562960510169454,20.18244013683008,-1.3237408047246362,-0.858178894084578,35.33765748826013,24.43234251173988,0.0520728041902091,0.0373157380282889,0.0322544638596595,200071396.0,-1.2305926081817908,0,0,-1,0,0,-0.0188330871491875,-0.391561199055732,0.2556633097224321,0.5923689768701299,0.0079787234042554,-0.1796536796536797,-0.1362645741918649,0.0116848850358084,0.0
2024-11-07,27.55,26.53,0.0340395424054321,0.0398282729515129,0.0402889251705418,0.2133138770670554,0.0377263674492752,27.238,29.671,30.545,3,7,11,27.715460263956835,29.433092090158524,26.31578947368422,-1.2676044680085532,-0.940064008869373,35.13818016416481,24.20381983583519,0.0544739578568091,0.0387491226762643,0.0329074682241854,200833280.0,-0.7759027272970842,0,0,-1,0,0,0.0361854504334714,-0.2515546815200475,0.3531197367648737,0.6151232527399748,0.051526717557252,-0.1344643418158968,-0.2169736076076132,0.0112522686025407,0.0
2024-11-08,26.61,27.55,-0.0325352171875565,-0.0368230114860495,-0.0334603705636818,0.1308235779881612,-0.0347154506093257,26.732,29.395,30.340666666666667,4,8,11,27.51446748869196,29.250957116599917,23.28502415458935,-1.284163127641154,-1.0088838326237293,34.896718391850555,23.89328160814944,0.0548485895843988,0.0390348204660261,0.0324102891214761,199964910.0,-1.0124109602284594,0,0,-1,0,0,-0.0341197822141561,-0.1625482442069098,0.4724495488320028,0.6196585645509569,0.0045300113250283,-0.1718020541549954,0.1011716217587308,0.0078917700112739,0.0
2024-11-11,26.46,26.61,0.0003757279773677,0.0,-0.0032187853218752,-0.4617962148922249,-0.0056529263027881,26.716,29.099,30.132,0,11,11,27.3227461271116,29.07089536714185,23.06220095693777,-1.2944679107989927,-1.066000648258782,34.56138775629018,23.63661224370982,0.0215202265769009,0.0388535711812949,0.0323926848403057,199417706.0,-0.966244110722852,0,0,-1,0,0,0.0003757985719654,-0.5212921945942818,0.4342432250479777,0.6167813213547145,-0.0228951255539142,-0.182828906732551,0.972694250102252,0.0111489040060469,0.0
2024-11-12,25.96,26.46,-0.0197274986383178,-0.0156888200462994,-0.017794404276941,0.0152269346570451,-0.0190772668509203,26.628,28.7905,29.90833333333333,1,12,11,27.0749741040004,28.87019244022948,22.397769516728616,-1.3276757276799316,-1.118335664143012,34.22899621243781,23.352003787562182,0.0220142391853848,0.0389106112272221,0.0324559284806685,198862106.0,-1.0409127411090795,0,0,-1,0,0,-0.0136054421768707,-0.4822283766388886,0.4430221202980987,0.617686804012486,-0.0413589364844902,-0.1920323685029568,1.5374139990088591,0.0132896764252697,0.0
2024-11-13,25.96,25.96,0.0019138761822839,-0.0036263041933312,-0.0023192897910908,-0.0017527951474997,0.0,26.592,28.475,29.691666666666663,2,13,11,26.87225153963669,28.682438089246936,20.24832855778413,-1.3385630403053987,-1.1623811393754893,33.794396483383935,23.15560351661607,0.0212636621900995,0.0388392012119059,0.0324815741915337,198862106.0,-0.9455959930251648,0,0,-1,0,0,0.0073189522342063,-0.4765411761404689,0.4310687406015142,0.6165532051626094,-0.0214851111948737,-0.1955376510691044,0.9628961628609828,0.0119414483821262,0.0
2024-11-14,25.74,25.96,-0.0146381658466581,-0.0059449786752527,-0.0046547795449825,0.1031752211268105,-0.0085106896679087,26.546,28.174,29.481,3,14,11,26.666387623339105,28.49260337381165,20.84562438544737,-1.349388563982835,-1.1997826242969585,33.39103444699396,22.95696555300604,0.0213687200531393,0.0388164759342953,0.0324668663091266,198247199.0,-0.9330971549948122,0,0,-1,0,0,-0.0073189522342065,-0.4229755139819164,0.2135108538270555,0.6161924525644137,-0.0656987295825771,-0.1895465994962217,-1.0296114825591087,0.0106837606837607,0.0
2024-11-15,25.84,25.74,0.005224975602478,-0.002503612285106,0.0005830337352993,0.0924695041301708,0.0038774767464206,26.481,27.863500000000005,29.261666666666667,4,15,11,26.51613532818654,28.321467672275418,42.5287356321839,-1.3345152441975472,-1.226729148277076,32.843012869862044,22.883987130137967,0.0210146292701306,0.0387003025988336,0.0323542377471358,198921678.0,-0.8127301014711777,0,0,-1,0,0,0.0064102564102565,-0.3644498146301989,0.1388754410844671,0.6143482580367633,-0.0289364900413378,-0.1937597503900155,-0.7089705865857155,0.0075464396284829,0.0
2024-11-18,25.95,25.84,-0.0075559789889534,0.0044252116465819,-0.0009719118269197,-0.2123348990068636,0.0042479306974964,26.368,27.553999999999995,29.067,0,18,11,26.41320163215262,28.16846975793507,41.29158512720156,-1.298879278619932,-1.2411591743456474,32.170585204178245,22.937414795821745,0.0193845852815536,0.0387267510814743,0.0323289167470382,199467125.0,-0.694885907682714,0,0,-1,0,0,-0.0050309597523219,-0.5032870312299432,0.1563775767806284,0.6147681146824971,-0.0192743764172336,-0.1925948973242066,-1.0712012208254504,0.0129094412331406,0.0
2024-11-19,25.97,25.95,0.0011661808901823,-0.0009603381127957,-0.0068299611781909,0.0490549184961175,0.0007704160627593,26.257,27.248,28.86933333333333,1,19,11,26.33261951721578,28.02663299935862,46.20390455531452,-1.2545618779124543,-1.2438397150590088,31.385050055046943,23.11094994495306,0.0194041532851483,0.0387564849923821,0.0323049524097608,200039996.0,-0.6178315384127017,0,0,-1,0,0,-0.0080924855491329,-0.4965073174789211,0.0815604762936069,0.6152401258851009,0.0003852080123265,-0.1907136179495171,-1.5365665746514114,0.0186753946861763,0.0
2024-11-20,26.31,25.97,0.0146551022402498,0.0114636333727573,0.0215020390490298,0.1525611763527124,0.0130070693775442,26.235000000000003,26.968499999999995,28.668333333333337,2,20,11,26.328506877722,27.91588248327097,51.13871635610765,-1.1784207590913525,-1.2307559238654775,30.49205845851825,23.44494154148174,0.0191594406879331,0.0390869257856692,0.0322901811259235,200707284.0,-0.3737698736957594,0,0,-1,0,0,0.0057758952637659,-0.4153157850885459,0.1230698727984738,0.620485710857512,0.0134822804314329,-0.1752351097178683,-0.2496536716839398,0.0087419232231091,0.0
2024-11-21,26.38,26.31,0.0038211739273234,0.0037921926370629,0.0038255593709835,-0.1874352556912344,0.0026570522369672,26.118,26.678,28.486666666666668,3,21,11,26.33786926359073,27.81679329080188,48.80694143167029,-1.0997526943843212,-1.2045552779692466,29.206486961773532,24.14951303822646,0.0135679848294257,0.0389583227454377,0.0322791884076491,201260521.0,-0.2357140887062154,0,0,-1,0,0,-0.0034207525655644,-0.546785290518513,0.0755556447738474,0.6184442008837168,0.0248640248640248,-0.1804908356632494,1.769242246516731,0.0087187263078089,0.0
2024-11-22,26.39,26.38,0.0053252312987527,0.0050967547801831,-0.0003818980378667,0.0698867239533772,0.0003790032260642,26.096000000000004,26.414,28.295333333333332,4,22,11,26.3473475793015,27.724742110750142,41.43920595533502,-1.0247876557177378,-1.1686017535189448,27.34723207474481,25.480767925255183,0.0086072347624421,0.0389764636557064,0.032175216076685,201853805.0,-0.0514341515888425,0,0,-1,0,0,-0.0007581501137225,-0.4801767316926067,0.0824082784809192,0.6187321789064795,0.0212848297213623,-0.1667192927060309,1.7661939155290765,0.0142099280030314,0.0
2024-11-25,27.18,26.39,0.0213931971892009,0.0247339433489574,0.0260146621456459,0.1023106162384641,0.0294962582077649,26.168,26.442,28.122,0,25,11,26.498738928519405,27.68959745844369,51.03734439834026,-0.8913559284921497,-1.1131525885135858,27.433067473440357,25.450932526559647,0.0127420588384568,0.0172887435964094,0.032751292497222,202511002.0,1.4893032407533964,0,0,-1,0,0,0.0204622963243652,-0.4209696867335891,0.2002639064613059,0.2744502962211586,0.0473988439306358,0.0210368144252441,1.4712854694784347,0.012877115526122,0.0
2024-11-26,26.91,27.18,0.0070305562486873,-0.0031275897079517,-0.0024219853478988,0.0677741280241763,-0.0099834439841831,26.263,26.4455,27.948,1,26,11,26.5735136687886,27.639300848221517,54.185022026431696,-0.7981959606830138,-1.0501612629474717,27.44295940430036,25.44804059569964,0.0112808678529484,0.0173751058618603,0.0327595354975715,201807720.0,0.9313662250260908,0,0,-1,0,0,-0.0022075055187637,-0.2021324703957407,0.2397414224219276,0.275821254683419,0.0361956103195995,0.0026080476900149,0.7793622425003801,0.012263099219621,0.0
2024-11-27,27.15,26.91,-0.0029542118974315,0.0053294254598932,0.0087288138952621,-0.7597883483727826,0.0088790816411299,26.382,26.487,27.77733333333333,2,27,11,26.67832936537249,27.60773305156206,44.68085106382976,-0.6969658325056827,-0.9795221768591138,27.53047799011709,25.443522009882912,0.0113121161854491,0.0168346422580229,0.032816562348557,202136691.0,1.270750329723007,0,0,-1,0,0,0.004830917874396,-1.4533806695209917,0.2350946656585798,0.2672416609528052,0.031927023945268,0.0315349544072947,1.0834099472958807,0.0088397790055249,0.0
2024-11-29,27.24,27.15,-0.0063068285473634,-0.0003666361177643,-0.0077965867372305,-0.0961516413086086,0.0033094349013672,26.532,26.539,27.62666666666667,4,29,11,26.780451298941127,27.58400833855806,60.82474226804122,-0.6025323607712423,-0.9041242136415396,27.625043519563143,25.452956480436853,0.010379924210135,0.0167728163795759,0.0327886372712357,202435504.0,1.290924327382338,0,0,-1,0,0,-0.0103130755064455,-1.7132198258693967,0.2344854786448454,0.2662602055590521,0.0326004548900682,0.0396946564885496,1.0505267881892166,0.0161527165932452,0.0
2024-12-02,26.86,27.24,-0.006346857221196,-0.0121750258752791,-0.007857851470567,0.9442295527447117,-0.01404829018622,26.634,26.5575,27.453666666666667,0,2,12,26.79491469913365,27.537298123167226,56.369426751592336,-0.5519929471813398,-0.8336979603494997,27.652596727314336,25.46240327268566,0.0121184219718721,0.0169987069050382,0.0327276128515589,201667306.0,0.5524626134932681,0,0,-1,0,0,-0.0198237885462554,0.7431647332965743,0.2764494030592252,0.2698461064824458,0.0178097764304661,0.0139675349188372,0.8144814722455065,0.0119136262099776,0.0
2024-12-03,26.42,26.86,-0.0101638367900059,-0.0160901506812837,-0.0113337065098491,-0.2048297379696141,-0.0165168920009121,26.681,26.5245,27.263,1,3,12,26.726748390200253,27.465214373285463,57.46753246753248,-0.5412057377057025,-0.7751995158207403,27.592749428820152,25.456250571179847,0.0137119097966916,0.0166258294460068,0.0327510745358113,201041389.0,-0.1956471909662801,0,0,-1,0,0,-0.0160089352196574,0.1357398257591561,0.1765938553950041,0.2639268603258531,-0.0279617365710079,-0.0243722304283603,0.563418395242153,0.0071915215745647,0.0
2024-12-04,26.28,26.42,-0.0064528597415476,-0.0020768439448392,-0.0030441423812282,0.0198412522315687,-0.0053131054777695,26.712,26.4845,27.06933333333333,2,4,12,26.64552141016384,27.388748929847697,54.96894409937889,-0.5377547247238681,-0.7277105576013658,27.52471202295537,25.444287977044624,0.0138995588835339,0.0166495473454903,0.0327409022030946,200402929.0,-0.393189072010504,0,0,-1,0,0,-0.0060560181680545,0.2369557433267395,0.1724554444823903,0.2643033703077783,-0.0234113712374581,-0.0295420974889215,0.2033832396488136,0.0081811263318112,0.0
2024-12-05,26.24,26.28,-0.0045801606785742,-0.0062565376143051,-0.0049665813648507,0.002473210120108,-0.0015232295405215,26.705,26.47,26.880666666666663,3,5,12,26.571790244679505,27.31463609566397,58.22368421052632,-0.5321135638438115,-0.688591158849855,27.51561238670323,25.42438761329677,0.0132730512622345,0.0160434834482035,0.0327514427370311,199762888.0,-0.4399335794503739,0,0,-1,0,0,-0.0053272450532724,0.2393016945219554,0.131705664544649,0.2546824042027655,-0.0335174953959483,-0.0109310214851112,-0.0632298146662114,0.0068597560975609,0.0
2024-12-06,26.21,26.24,0.0045801606785743,0.0022796362455814,0.0015308077998943,0.3424557011899555,-0.0011439467405732,26.688,26.403,26.68133333333333,4,6,12,26.50601020019232,27.24336925078243,56.22895622895626,-0.5240230410592233,-0.6556775352917287,27.3211927329304,25.48480726706961,0.0132368097375524,0.0131816718668653,0.0326427767472142,198861453.0,-0.4203910422685341,0,0,-1,0,0,0.0007621951219513,1.9925771436914963,0.1126253772806154,0.2092525537426938,-0.0378120411160057,-0.0486388384754991,-0.4568725001409725,0.0076306753147654,0.0
2024-12-09,26.28,26.21,-0.0053455644664198,0.0041658836994382,-0.0011478861027015,-0.3629297608472036,0.0026671762810948,26.677,26.3865,26.501666666666665,0,9,12,26.464917436520988,27.18121639589324,55.63139931740618,-0.5061284942501096,-0.6257677270834049,27.300882736901254,25.472117263098745,0.0132748135031308,0.0108913112570115,0.0326270517249186,199488523.0,-0.2329440303322376,0,0,-1,0,0,-0.0034338038916444,0.1809742734482431,0.1159004989011316,0.1728942062247047,-0.0215934475055844,-0.0124013528748589,-1.4457029798961851,0.0129375951293759,0.0
2024-12-10,26.26,26.28,0.011419994685949,-0.0003780003825013,0.0019124121338242,-0.585991985617574,-0.0007613247417596,26.585,26.3765,26.489666666666665,1,10,12,26.427659720789897,27.121783080029164,54.94880546075091,-0.4879361456760165,-0.5982014108019272,27.291872228035583,25.461127771964417,0.0079957491958574,0.0108262430630017,0.0148498904053854,199139525.0,-0.2545412596797068,0,0,-1,0,0,0.0053272450532724,-1.7195039288534055,0.0449584787613817,0.1718612806670444,-0.0060560181680544,-0.0075585789871503,-0.1792739866491778,0.0106626047220105,0.0
2024-12-11,26.05,26.26,-0.0121859847655315,-0.0114069677933764,-0.0103707478365625,0.2972430092609129,-0.0080291006752741,26.499,26.381,26.46333333333333,2,11,12,26.35899431700992,27.05263578454341,45.35714285714289,-0.4848744919991539,-0.5755360270413726,27.28860297375234,25.47339702624766,0.0078421091877259,0.0100915252468337,0.0148214570404336,198669724.0,-0.7293938199244394,0,0,-1,0,0,-0.006092916984006,-0.8254122748850389,0.0614639926242345,0.160197996914711,-0.008751902587519,0.0034668721109398,-1.1204986530970544,0.0095969289827255,0.0
2024-12-12,25.63,26.05,-0.0150552930508496,-0.0088343190268578,-0.0108696722369037,0.5367351881053174,-0.0162542278233962,26.347,26.3645,26.44033333333333,3,12,12,26.226449895735385,26.960852830701903,38.09523809523809,-0.5104543987537546,-0.562519701383849,27.315299663477724,25.413700336522275,0.0075289904702756,0.0107336590248533,0.0146929673409373,197866170.0,-1.5450152712789804,0,0,-1,0,0,-0.0130518234165067,1.32770859555472,0.1187515741122079,0.1703915546251556,-0.0232469512195121,-0.0127118644067797,-1.034608428827891,0.0117050331642606,0.0
2024-12-13,25.79,25.63,0.0073629474276939,0.0,0.0027285146532041,-0.4574847825793149,0.0062232795172737,26.202,26.367,26.426666666666662,4,13,12,26.14709536923804,26.88531393839856,40.909090909090885,-0.5119149593306815,-0.5523987529732155,27.311125326240276,25.42287467375973,0.0079637012274316,0.0106685968192697,0.0147294993790911,198374718.0,-1.2222953541512331,0,0,-1,0,0,0.0105345298478345,-0.5722395523911841,0.1418946474916734,0.1693587241308142,-0.0160244181610073,0.0019425019425018,-0.7094241266918475,0.0089181853431562,0.0
2024-12-16,25.66,25.79,-0.013214339196158,-0.0013512211302092,-0.0066393526452031,-0.0259539081730549,-0.0050534607057629,26.082,26.358,26.399,0,16,12,26.05853257483112,26.80626142624381,21.21212121212119,-0.5175958548330506,-0.5454381733451825,27.326397482586504,25.38960251741349,0.0073812171639724,0.0106908344083707,0.0145891565442597,197879199.0,-1.4415568246536503,0,0,-1,0,0,-0.0089181853431562,-0.5971988939036048,0.1320351314797986,0.1697117349139283,-0.0235920852359209,-0.0069659442724457,-0.0906840116142131,0.0142244738893219,0.0
2024-12-17,25.01,25.66,-0.0110150602306773,-0.023254589671991,-0.0207866536110553,0.3702884964976203,-0.0256576142979626,25.941000000000003,26.311,26.33,1,17,12,25.867890288498188,26.6903735922926,18.54304635761588,-0.5680000224792572,-0.5499505431719975,27.44059983602294,25.18140016397706,0.0092764650686088,0.0119953466084809,0.0145641419884285,197161612.0,-2.303470589338112,0,0,-1,0,0,-0.0148090413094309,0.7785093237976461,0.1885586382917342,0.1904202240963765,-0.0476009139375476,-0.0362235067437378,-0.0027299954318016,0.011795281887245,0.0
2024-12-18,24.71,25.01,0.0094488891979322,0.0110107286212215,-0.0124800331547075,0.4335011878428699,-0.0120677248890089,25.784,26.248,26.251,2,18,12,25.657364781498515,26.562607554080177,10.389610389610397,-0.624949156418829,-0.5649502658213639,27.580075547117087,24.91592445288292,0.0095048001718917,0.0121908190846624,0.01465623184225,196054627.0,-2.3091783395147263,0,0,-1,0,0,0.0203918432626948,2.505676690871907,0.1884870718930867,0.1935232534571811,-0.0514395393474088,-0.0485175202156333,0.3303031129364531,0.0358154593282072,0.0
2024-12-19,25.03,24.71,-0.0193873530329062,-0.0175564229238554,0.0086720317598356,-0.5437795694767383,0.0128670854431641,25.663,26.184,26.201,3,19,12,25.54329845758969,26.463729647365327,16.616314199395802,-0.6369184305148643,-0.579343898760064,27.62229431146243,24.74570568853757,0.0112253665098692,0.0121813640092971,0.0145549647690674,196697287.0,-1.6046785290093089,0,0,-1,0,0,0.0129502225819506,0.1097231929598223,0.2394679129278117,0.1933731587889176,-0.0234100663285211,-0.048650703154694,-0.3081809019554754,0.0089892129444666,0.0
2024-12-20,25.11,25.03,-0.0052073019730209,0.0061502028994169,-0.0016077173880968,-0.1320928752131005,0.0031910677258107,25.553,26.1205,26.119666666666667,4,20,12,25.464516919846112,26.376392250761118,20.93023255813952,-0.632655970840645,-0.5900063131761802,27.632605189903327,24.608394810096677,0.0114575830763167,0.0121937038083917,0.0124633793665707,197260424.0,-1.3365472279935815,0,0,-1,0,0,-0.0051937674790252,-0.3050398438943987,0.2315970431854931,0.193569047026715,-0.0263668088406359,-0.0481425322213797,-0.239967776906234,0.016726403823178,0.0
2024-12-23,25.4,25.11,0.0186995701405286,0.0057193726559669,0.0143772444542084,-0.1893201364312303,0.0114830008549972,25.465,26.071000000000005,26.07933333333333,0,23,12,25.45278657078318,26.31339920232492,32.16783216783212,-0.5989727791204942,-0.591799606365043,27.610526926677213,24.5314730733228,0.0123592841510393,0.0125771595948797,0.0112640191122094,197726432.0,-0.8716963482389217,0,0,-1,0,0,0.0103544404619674,-0.7634623257676677,0.2606410888903134,0.1996562189257298,-0.010132501948558,-0.0375142099280031,-0.7501327987715432,0.0080708661417323,0.0
2024-12-24,25.48,25.4,-0.0035538043325338,0.0025532764534003,0.0023762387418831,-0.9420714980905128,0.0031446566794717,25.387,25.986,26.046666666666667,1,24,12,25.457734467004418,26.259631511852344,35.71428571428571,-0.5593751470990611,-0.5853147145118467,27.45376450142671,24.51823549857329,0.0125105784970958,0.0102215398784976,0.0112666719892469,197908091.0,-0.6894839049563505,0,0,-1,0,0,-0.0047244094488187,-1.8795955632984824,0.1575595789265966,0.1622619152078054,0.0187924830067971,-0.0625459896983076,-1.139629638017328,0.0082417582417581,0.0
2024-12-26,25.77,25.48,0.0039478930075848,0.0122820532126665,0.0001977652532895,0.5845513311140949,0.011317193960311,25.359,25.928999999999995,26.04033333333333,3,26,12,25.51451001845816,26.22804238205542,42.29508196721313,-0.498842812642394,-0.5680203341379562,27.332827849719617,24.525172150280373,0.0131259168017935,0.010584445772355,0.0109788517687728,198234021.0,-0.2265235014845321,0,0,-1,0,0,-0.0039246467817896,-1.1013130283342898,0.0770148205305682,0.168022867674603,0.0428976123027113,-0.0423634336677815,-0.5346208942939259,0.0201785021342646,0.0
2024-12-27,25.57,25.77,0.0055009961903476,-0.0073511153463315,0.0045378394925443,0.1655341992063497,-0.0077912353611784,25.353,25.85,26.02733333333333,4,27,12,25.52459910601122,26.18558803482604,40.062111801242224,-0.4616867920550618,-0.5467536257213773,27.1375272097548,24.56247279024521,0.0122957083838685,0.0103237636189807,0.0110653989231701,197849416.0,-0.434942264332147,0,0,-1,0,0,-0.0097012029491656,-0.8631318882453626,0.1256762299728591,0.163884666780236,0.0215741110667198,-0.0581952117863719,-0.8595267659497595,0.0084473992960501,0.0
2024-12-30,25.34,25.57,-0.0062893289075639,-0.0063049689000596,-0.0090963648772662,-0.12100026712564,-0.0090356144101022,25.308,25.755000000000003,26.014000000000003,0,30,12,25.491035632190997,26.131033968063072,36.09467455621299,-0.4456621401184932,-0.5265353286008005,26.880933530835197,24.62906646916481,0.0123572909094216,0.0102979867710059,0.0110788181883997,197508643.0,-0.7371660735463945,0,0,-1,0,0,-0.0082127493156042,-1.0831460423279122,0.1580677485653684,0.163475472004288,0.0091596973317402,-0.0697503671071952,-0.1689884039235377,0.0112470402525649,0.0
2024-12-31,25.32,25.34,-0.0007889546760321,-0.0001964443577675,0.0027772285257877,-0.0861801905732326,-0.0007895776170175,25.274,25.678,25.996666666666663,1,31,12,25.459938244519904,26.07870919592997,36.09467455621299,-0.4296238841554398,-0.5071530397117284,26.690690008196544,24.66530999180345,0.0123022005416469,0.010015597799972,0.0110483925570477,197196008.0,-0.707027811279668,0,0,-1,0,0,0.0,-1.093475342454132,0.1326744899326389,0.1589926860622301,-0.0031496062992125,-0.0573343261355174,0.5825661043749318,0.0082938388625592,0.0
2025-01-02,24.98,25.32,0.0003945551441991,-0.0015729456644589,-0.0131607083989233,0.47131819655688,-0.0135190925785438,25.271,25.606,25.964333333333336,3,2,1,25.372676745516284,26.00782473167643,34.75783475783474,-0.4392848074418793,-0.4935793932577587,26.60117573167339,24.610824268326613,0.0100922061326503,0.0098263687687297,0.0112492670656626,196695134.0,-1.25806926370156,0,0,-1,0,0,0.0011848341232227,-0.2165635542704519,0.1536732613665098,0.1559887683172258,-0.0196232339089481,-0.0545041635124905,1.1778736914272523,0.0200160128102481,0.0
2025-01-03,25.16,24.98,-0.0119049025063184,-0.0090927687158716,0.0,-0.3793707596294596,0.0071799271348082,25.316,25.55,25.93733333333333,4,3,1,25.334008246331503,25.953126361890856,42.81345565749236,-0.4274888378521417,-0.4803612821766353,26.51094251981342,24.589057480186582,0.0093730867193146,0.010051057062895,0.01134920581303,197037878.0,-0.8117030768411101,0,0,-1,0,0,0.0028022417934347,-0.8504870647568346,0.128235821470083,0.1595555844104369,-0.0236709351959643,-0.0426179604261796,0.8034687807649324,0.0107313195548489,0.0
2025-01-06,25.45,25.16,0.0091397417477828,0.0175184088423711,0.0131607083989233,0.1615283414618812,0.0114603111642919,25.358,25.5105,25.908666666666665,0,6,1,25.355097656089413,25.92066659660757,44.99999999999999,-0.3902414105342302,-0.4623373078481543,26.41532856769207,24.60567143230793,0.0091947624606542,0.0105055978556488,0.0112856173869093,197440707.0,-0.1337269890899161,0,0,-1,0,0,0.0047694753577106,-0.5297323317406082,0.1669859970571594,0.1667711958006021,-0.0046929996089167,-0.0301067073170731,-0.0181418000624823,0.0151277013752456,0.0
2025-01-07,25.35,25.45,0.0086648828857237,-0.0005855372471383,0.0015835316056444,-0.0945873055176052,-0.0039370129593395,25.382,25.4675,25.874333333333333,1,7,1,25.3541708095277,25.883849396826445,45.4005934718101,-0.3645889656494354,-0.4427876394084106,26.31209582365339,24.62290417634661,0.0093411636250089,0.0105194345840071,0.0112751191264219,197074234.0,-0.2782395951041785,0,0,-1,0,0,0.0019646365422397,-0.6168101770636369,0.1549463139346879,0.16699084705377,0.000394632991318,-0.0328119038534909,-0.3185035682074472,0.0130177514792898,0.0
2025-01-08,25.39,25.35,-0.0126284235481793,-0.0068567219367055,-0.0063492276786587,0.1230371425730998,0.0015766656793947,25.381,25.423,25.841,2,8,1,25.36068520779539,25.85198814541829,56.884057971014485,-0.3371451530969693,-0.4216591421461224,26.17618551574113,24.66981448425887,0.0085909647804082,0.0104988253691339,0.0112832696563102,197488688.0,-0.0876278136271006,0,0,-1,0,0,-0.0067061143984221,-0.339115569282288,0.1549853245101911,0.1666636859101462,0.0027646129541865,-0.0338660578386605,-0.5592315329922442,0.0124064592359195,0.0
2025-01-10,25.82,25.39,0.0320465094052808,0.0239722008789521,0.0263224782932554,0.5382480476130943,0.0167939897019094,25.415,25.401,25.795666666666666,4,10,1,25.44419698819623,25.84992439410098,69.20415224913498,-0.2774994862470628,-0.3928272109663105,26.072523013726517,24.72947698627349,0.0101231704736403,0.0112949016874803,0.0102473601628067,198198649.0,1.2479095769922277,0,0,-1,0,0,0.0240252067743205,0.9832724607566854,0.1298245717216729,0.1793010056879811,0.0336269015212169,-0.0167555217060167,-0.0920671403547275,0.0101510457010069,0.0
2025-01-13,25.59,25.82,-0.0166767487183867,-0.015562604838256,-0.0183922226172778,-0.0163607622952851,-0.008947735246799,25.397,25.378,25.751666666666665,0,13,1,25.470706626706004,25.833155078352533,60.0,-0.2459537417208217,-0.3634525171172128,25.984269004100295,24.771730995899706,0.0099255320371308,0.0113273077278464,0.010220468202116,197500209.0,0.6993595204973654,0,0,-1,0,0,-0.0096824167312161,0.8569237026698691,0.1698212746857882,0.1798154356306913,0.0170906200317964,-0.0176583493282149,0.237122950897248,0.0128878468151621,0.0
2025-01-14,24.92,25.59,-0.0165618927573471,-0.0157096185940556,-0.0191393402106973,0.0643913072496215,-0.026530956252445,25.332,25.3425,25.67733333333333,1,14,1,25.37057814912309,25.774241847491083,47.197640117994126,-0.2718828166165465,-0.3451385770170795,25.969434899722984,24.71556510027701,0.0127095594159894,0.0122295232687983,0.0109546582509465,196755316.0,-1.3478273427964536,0,0,-1,0,0,-0.0171942164908167,1.106211422460016,0.2491725316693344,0.1941376633327089,-0.0208251473477405,-0.0277019118220833,-0.1491214127166022,0.0164526484751203,0.0
2025-01-15,25.4,24.92,0.0051556727329085,0.0094600626666552,0.0155785055876884,-0.5162252892329762,0.0190784801052383,25.338,25.323,25.616,2,15,1,25.375927576555256,25.75009721216908,50.0,-0.2508086409181373,-0.3262725897972911,25.91459374402064,24.73140625597936,0.0141627738242365,0.0129775452171636,0.0116275589424934,197199845.0,0.2603137736943743,0,0,-1,0,0,0.0144462279293739,-0.3005066260292897,0.2994913598710166,0.206012143636265,0.0019723865877709,-0.0151221403644823,-0.5548285043815017,0.0102362204724408,0.0
2025-01-16,25.73,25.4,0.0106237473710566,0.0115067091148983,0.0075025031083417,0.2160000010244775,0.0129084522691619,25.379,25.3265,25.57833333333333,3,16,1,25.44030438081793,25.74880061783559,53.263707571801575,-0.2051145301468118,-0.3020409778671953,25.92724602748857,24.725753972511423,0.0147023129596688,0.0132815962668027,0.0117337363874032,197751551.0,1.3433297318230686,0,0,-1,0,0,0.0059055118110237,0.1924017578112577,0.312663254553145,0.2108388044155431,0.013391098857818,0.0027279812938425,-0.9650817996049637,0.0141857753595024,0.0
2025-01-17,25.8,25.73,-0.0011748581731243,0.0056076720476507,0.0039261927152811,-0.3094097496933398,0.002716865633919,25.461,25.366,25.557666666666663,4,17,1,25.505703584305586,25.752103803781683,50.41551246537398,-0.1613927678029334,-0.2739113358543429,25.982796477621637,24.74920352237837,0.0137087042926654,0.0118446877712928,0.0114044364276733,198156437.0,1.4072713309696745,0,0,-1,0,0,-0.0081616789739603,-0.4362048793551331,0.2875057645348268,0.1880285892002932,-0.0007745933384972,0.0315873650539784,-0.6455660288514856,0.015891472868217,0.0
2025-01-21,26.57,25.8,0.0342802678324517,0.0266378002752678,0.0339015516756814,0.4368544328980666,0.0294082678441503,25.602000000000004,25.459,25.56733333333333,1,21,1,25.699212023522747,25.8048713003119,61.9617224880383,-0.063874090550005,-0.2319038867934753,26.206399702875952,24.711600297124047,0.0160851017172129,0.0129556607386109,0.0126551432067748,198783132.0,2.9729741548596635,0,0,-1,0,0,0.0236434108527131,1.0119846865171285,0.3390671216735724,0.2056647383093284,0.0382962094568191,0.075273168757588,-1.138115083028168,0.0086563793752352,0.0
2025-01-22,26.27,26.57,0.0172676963183591,0.0089720228015589,-0.0049364064548219,0.4082244705053088,-0.0113551560742737,25.684,25.521,25.56833333333333,2,22,1,25.80299165560952,25.834879603517585,60.941176470588246,-0.0106742825535519,-0.1876579659454907,26.322338354232663,24.71966164576734,0.0167529945711695,0.0131782090628777,0.0128319045256697,197840492.0,1.8693726465076508,0,0,-1,0,0,0.011290929619872,2.4936116343263857,0.2500370180116408,0.2091975834335523,0.0541733547351523,0.0495405513383939,-0.3735184851941606,0.0228397411496003,0.0
2025-01-23,26.82,26.27,-0.0074710844334769,-0.0011171105239188,0.0060721249187494,-0.3292318983277092,0.020720274156084,25.831,25.6065,25.588666666666665,3,23,1,25.98790226368052,25.89843575812936,65.69037656903768,0.0750027668175015,-0.1351258193928922,26.57140577672864,24.641594223271365,0.017393493874029,0.0138092592444358,0.0133786439074397,198518699.0,2.515271499594883,0,0,-1,0,0,0.0152264940997336,0.9938732987812764,0.2539003572371432,0.219215194504782,0.0559055118110236,0.0681003584229391,-0.4161916662471652,0.0152870991797166,0.0
2025-01-24,26.87,26.82,-0.0007501875820695,0.0052025386761287,0.0052943220214021,-0.4806798898747805,0.0018625447738674,25.979000000000003,25.68,25.60833333333333,4,24,1,26.14828367028406,25.96111732212101,71.04677060133633,0.1452625318025973,-0.0790481491537943,26.79149022775071,24.56850977224929,0.0173860246633059,0.0136772596520096,0.0133756768382199,198938077.0,2.141269388230555,0,0,-1,0,0,-0.0063385533184191,-0.3742596142381529,0.2607108747834059,0.217119765936452,0.0443062572872134,0.0578740157480315,0.2249512928733022,0.0152474879047264,0.0
2025-01-27,27.31,26.87,0.0174823124603414,0.0154471626144146,0.0193706054594038,0.5302935257491402,0.0162425128582137,26.128,25.7715,25.64333333333333,0,27,1,26.3595048211415,26.04814201101643,72.63157894736844,0.233753657852997,-0.016487787752436,27.094785782900804,24.44821421709919,0.0173470470312999,0.0140054549175544,0.0136682301659112,199650781.0,2.3252724693035214,0,0,-1,0,0,0.0093040565686639,1.094681205924929,0.2586149037219273,0.2223297042610535,0.0585271317829456,0.0718210361067503,-0.5540505971501404,0.0113511534236542,0.0
2025-01-28,27.2,27.31,0.0088106296821549,0.0025514867131578,-0.0003692080529295,-0.1382602026002158,-0.004035962183662,26.289,25.843,25.681666666666665,1,28,1,26.512322126388497,26.122455429660533,69.1466083150985,0.291645524042309,0.0451388746065129,27.312408760465463,24.373591239534537,0.0169526842921724,0.0139767551054103,0.0135931579393733,199030107.0,1.8470013743080504,0,0,-1,0,0,0.0018308311973636,0.5122753711318144,0.2158920155258281,0.221874108867408,0.0237109522017311,0.0554908808692278,0.15512744457363,0.0143382352941176,0.0
2025-01-29,27.28,27.2,-0.0003655638863593,-0.0003640997673574,0.0025815983358701,-0.2267129762290947,0.0029368596733097,26.525,25.928500000000003,25.736666666666665,2,29,1,26.651899921590587,26.197135724521143,71.20879120879121,0.3400605699280419,0.1041232136708187,27.52456456803371,24.332435431966296,0.0127404230360653,0.0137543840293186,0.0131787276962137,199524877.0,1.6935405084081228,0,0,-1,0,0,0.005514705882353,-0.2428397343981102,0.167374713881765,0.2183440774707341,0.0384468976018272,0.066875244427063,0.4130600286817189,0.0113636363636364,0.0
2025-01-30,28.04,27.28,0.015959714886422,0.0233949845786155,0.0196942908029261,0.3006306992980828,0.0274782291911279,26.789,26.0635,25.811666666666667,3,30,1,26.90428175402866,26.31603019390688,75.14231499051233,0.4347440324319258,0.1702473774230402,27.890078913265235,24.23692108673476,0.0137479766925041,0.0144663493162128,0.0139761427790045,200193168.0,2.164155061296268,0,0,-1,0,0,0.0186950146627565,0.6876534413486444,0.2050541050942071,0.2296461760181303,0.0454884414615957,0.1065509076558799,0.8326689253693569,0.0149786019971468,0.0
2025-01-31,27.58,28.04,-0.0054122448549431,-0.0103701984231436,-0.0090695343251859,0.0227999053790389,-0.0165411898012336,26.974,26.1765,25.875666666666667,4,31,1,27.027139616932537,26.397576633009663,66.60377358490564,0.4672767277562606,0.2296532474896842,28.087105029569628,24.265894970430367,0.0160006430758045,0.0152075898633561,0.0143474877922534,199509465.0,1.4691681203374034,0,0,-1,0,0,-0.0142653352353779,0.700755484560222,0.2744099920682535,0.2414130049146421,0.0264235206550054,0.0892575039494469,0.1302773313124703,0.0137781000725162,0.0
2025-02-03,26.79,27.58,-0.0301161210459367,-0.0243781401153524,-0.0299634030318437,0.0450847509348946,-0.0290621888086383,27.073,26.267000000000003,25.935,0,3,2,26.9840233229448,26.422894269589683,60.23890784982935,0.4244202727795283,0.2686066525476531,28.1092194851994,24.42478051480061,0.0196160924253959,0.016473953318176,0.0145799960289125,198794232.0,0.5677933646906236,0,0,-1,0,0,-0.0275562001450325,0.8194867039972229,0.3389689796795689,0.2615159015398861,-0.0190406444525814,0.0724579663730984,0.5952943565629409,0.0194102276969018,0.0
2025-02-04,26.91,26.79,0.0011179431013412,-0.00535501233509,0.0048698354341869,-0.0729837422829096,0.004469281182297,27.107,26.3545,26.008333333333333,1,4,2,26.970564536954832,26.45432044574519,68.73822975517889,0.3955792294469944,0.2940011679275214,28.140721828643347,24.568278171356656,0.0174109563856249,0.0164540986855438,0.0143272865707251,199459124.0,0.6219832174169618,0,0,-1,0,0,0.0022396416573349,0.4351707768006148,0.343726856959815,0.2612007190179831,-0.0106617647058823,0.0695548489666135,0.1991108979711331,0.0091044221479003,0.0
2025-02-05,27.43,26.91,0.0144206603264377,0.0181639706276711,0.0152051881782285,0.1130318153807492,0.0191393402106975,27.223000000000003,26.4535,26.08833333333333,2,5,2,27.0540982575085,26.51726751376163,68.97196261682244,0.4099564265004538,0.3171922196421079,28.24810331346537,24.65889668653463,0.0176200911729248,0.0167441968415281,0.0145266102704896,200203582.0,1.0882627850657205,0,0,-1,0,0,0.0122630992196208,0.8656129514654359,0.3765357285301649,0.2658058844771808,0.00549853372434,0.0777996070726916,-0.2475916345959855,0.0120306234050309,0.0
2025-02-06,27.45,27.43,0.016384855901559,0.0090498355199178,0.0076993964220463,-0.3559874316586257,0.0007288630060276,27.286,26.5585,26.16633333333333,3,6,2,27.126080392506957,26.577443803196363,67.06349206349205,0.4181441857132739,0.3373826128563411,28.326797129136217,24.79020287086378,0.0166541125048331,0.0166619552878053,0.0145333720620368,200725061.0,1.0083147060646795,0,0,-1,0,0,0.009478672985782,-0.7298355316709442,0.2969227405435236,0.2645003402856636,-0.0210413694721826,0.0828402366863905,-0.1934665386809106,0.0134790528233151,0.0
2025-02-07,27.28,27.45,-0.0018073382834013,-0.0009013069560127,-0.0047592987510496,0.2980091357118196,-0.0062123349802781,27.327,26.653,26.229,4,7,2,27.154065775687503,26.62277000944176,64.3968871595331,0.4062326673106291,0.3511526237471987,28.359286827268896,24.9467131727311,0.0168789637604219,0.016814247578537,0.0145376941438155,200022538.0,0.7349291924190567,0,0,-1,0,0,0.0069216757741348,0.4956343303627076,0.2785502714745405,0.2669179054528745,-0.0108774474256706,0.0744387554155179,-0.6767255333199231,0.0174120234604106,0.0
2025-02-10,27.59,27.28,-0.0043509858343262,-0.0030705343369616,0.0094960538272301,-0.5941007278612759,0.0112995552539332,27.355,26.7415,26.299333333333333,0,10,2,27.23332654374432,26.68517194431649,60.8974358974359,0.4170001937209733,0.3643221377419536,28.44947849119508,25.033521508804924,0.0164622320100652,0.016629069800161,0.0146277144635517,200410372.0,0.9935722310019252,0,0,-1,0,0,0.0087976539589442,-1.6539818391187613,0.1557476426509519,0.2639782993533646,0.0298618887644643,0.06855151045701,0.2759689452252991,0.0047118521203334,0.0
2025-02-11,27.96,27.59,0.0094033242610548,0.0124046534438537,0.0079652846912033,0.1725364247309635,0.0133215291364148,27.431,26.86,26.372333333333337,1,11,2,27.36544899033626,26.76741891565091,67.78947368421055,0.4501998204673008,0.3814976742870231,28.560439571672948,25.159560428327044,0.016774342264506,0.0165043793357421,0.0146735805123138,200871241.0,1.293783111525435,0,0,-1,0,0,0.0068865530989489,-1.029798926345992,0.1631970909940188,0.2619988995950824,0.0390189520624304,0.0926143024618992,-0.4787695543376784,0.0091201716738197,0.0
2025-02-12,28.19,27.96,0.0046687102220329,0.007653325600745,0.0014414416910215,-0.1972597854850773,0.0081923877604117,27.522,27.0235,26.459666666666667,2,12,2,27.515367355729666,26.85919834044763,65.46275395033862,0.4894280201065335,0.4030837434509252,28.559403985508443,25.48759601449156,0.0168592938700141,0.0148396985625114,0.0145657213986133,201249604.0,1.5189751586116809,0,0,-1,0,0,-0.0017882689556509,-1.4242342831569827,0.12893604671647,0.2355729115654074,0.0277068902661319,0.1312199036918138,-0.7746815507563569,0.0152536360411493,0.0
2025-02-13,28.61,28.19,0.0145832212772882,0.0179235161889047,0.016783111306333,0.4743191849578871,0.0147890019359976,27.579,27.184000000000005,26.568666666666665,3,13,2,27.714391472869725,26.9721532862252,68.125,0.5480891107628381,0.4320848169133077,28.675821916868117,25.692178083131896,0.0151865546339541,0.0146700557087306,0.0145200795741225,201857603.0,1.9117563348227289,0,0,-1,0,0,0.0046115643845334,0.0593772060806339,0.1349558307369255,0.232879914748589,0.0422586520947176,0.1263779527559054,-1.7837797260296373,0.0164278224397064,0.0
2025-02-14,28.19,28.61,0.0066866340990617,-0.0062893289075639,-0.0031920580393418,0.4185388344137118,-0.0147890019359976,27.64,27.307,26.66433333333333,4,14,2,27.800865750529773,27.05072404195261,59.20502092050212,0.5542983514677715,0.4565275238242005,28.69617771970009,25.917822280299905,0.0149608920959635,0.0152753300539549,0.0148997317900056,200933603.0,1.2712556319872896,0,0,-1,0,0,-0.0034952813701502,1.890406316195348,0.1933547558874376,0.242488347103174,0.0333577712609971,0.0956082394092499,-2.0094679488127607,0.0134799574317134,0.0
2025-02-18,28.31,28.19,-0.0084537312190817,-0.0043909792163184,-0.0003553028994562,-0.2281710489806282,0.004247793997787,27.792,27.4325,26.77533333333333,1,18,2,27.893435614069816,27.131967652149218,61.58663883089771,0.562419000436396,0.4777058191466397,28.69629337087972,26.168706629120276,0.0102906385377625,0.0152687845304476,0.0145446103476656,201669096.0,1.388676377356174,0,0,-1,0,0,0.0028378857750974,0.6484112870112573,0.1889581820771824,0.242384440138768,0.0260964117433852,0.0972868217054263,-1.5817633651867182,0.0093606499470152,0.0
2025-02-19,25.05,28.31,-0.1315625402329617,-0.1145757219955065,-0.1401529214272167,1.3328686804388652,-0.1223412715929343,27.606,27.3565,26.771666666666665,2,19,2,27.376447320602576,26.997647158462176,36.0100376411543,0.3023150188541308,0.4426276590881379,28.97243740110177,25.740562598898222,0.0395778155251491,0.0300257515520898,0.0261903942828576,198880176.0,-2.854689789873528,0,0,-1,0,0,-0.1245143058989755,4.042484661429151,0.8579709767433153,0.4766440292078475,-0.1040772532188841,-0.0572073767406849,-2.0188147142524806,0.0347305389221555,0.0
2025-02-20,25.03,25.05,0.018191406200475,0.0029565410321115,0.0144091787803778,-1.05597858917474,-0.0007987220871909,27.366000000000003,27.2945,26.75766666666667,3,20,2,26.94982053503847,26.870702180496878,29.18395573997232,0.093489221103308,0.372799971491172,29.16159428061376,25.42740571938624,0.038625760504876,0.0299554026143054,0.0261031812030804,197910045.0,-2.42569432461182,0,0,-1,0,0,0.0075848303393212,0.4461954898171797,0.8411693713865322,0.4755272744415985,-0.1120964881163533,-0.0472021317091738,-2.0167610359534343,0.023571713943268,0.0
2025-02-21,25.55,25.03,0.0023743580604622,0.0056913116040181,0.0144031295652217,0.8613319163126368,0.0205622112060305,27.176,27.231,26.764333333333333,4,21,2,26.695307710486016,26.785495588206757,36.07681755829903,-0.0297046571470893,0.2922990457635197,29.246528140284724,25.21547185971528,0.0396582121059366,0.0299489317823526,0.0263700212606655,200205676.0,-1.6680491494031282,0,0,-1,0,0,0.0107870555333599,2.3971002476053487,0.8583965758283305,0.4754245531688618,-0.106955609926599,-0.0473527218493661,-1.93149314445039,0.0146771037181996,0.0
2025-02-24,25.98,25.55,0.0257524961024147,0.0232118738612184,0.0214174607647926,-0.2442510610398728,0.01668969459274,27.046000000000003,27.1865,26.784,0,24,2,26.56525176312492,26.733528130903093,44.15584415584416,-0.0915835685153787,0.21552252290774,29.27361611662591,25.09938388337409,0.0403334023458239,0.0302353583795368,0.0265357010002416,202003823.0,-1.156140753635178,0,0,-1,0,0,0.0160469667318982,1.4077923195088216,0.9013620656242176,0.4799714344390047,-0.0783965945370699,-0.0331224413844436,-2.102242023601121,0.0165511932255581,0.0
2025-02-25,26.73,25.98,0.0236021614492099,0.0226852828310836,0.0279872589348897,-0.059330029366715,0.0284595189083741,26.96,27.15750000000001,26.81433333333333,1,25,2,26.59520598801129,26.73330050955451,48.80952380952381,-0.0791914498607333,0.1565797283540453,29.253489905576757,25.06151009442326,0.0414430626271571,0.0307428379453732,0.026868217847514,203698389.0,-0.4079218118966767,0,0,-1,0,0,0.0230946882217089,1.13043462706807,0.9498076386635724,0.4880274227989043,-0.0558106676086188,-0.0212376418894176,-2.060505581068874,0.0112233445566779,0.0
2025-02-26,26.84,26.73,0.0089888245684332,0.0100428591900371,0.0105303718465192,-0.2622356262328438,0.0041067819526532,26.848000000000003,27.1395,26.856,2,26,2,26.63971399019105,26.74018434764777,45.874125874125866,-0.0598051295488524,0.1133027567734658,29.24013123346685,25.038868766533145,0.0411538512484313,0.0307489315541476,0.0267990035151901,205002069.0,-0.2851523820349064,0,0,-1,0,0,0.0033670033670033,0.4911332587464972,0.1930678630511639,0.4881241558393296,0.0714570858283432,-0.013235294117647,-0.1184585803738247,0.0108047690014902,0.0
2025-02-27,26.03,26.84,-0.0241521173717786,-0.0247296228977463,-0.0269210570664684,0.1883299999208088,-0.0306435930970069,26.632,27.077,26.893000000000004,3,27,2,26.52885690106541,26.69436600263824,41.05793450881612,-0.1085502617312954,0.0689321530725135,29.23366506685564,24.92033493314436,0.0417498899527204,0.0314551701566949,0.0269532021598584,203428225.0,-0.97094353322697,0,0,-1,0,0,-0.0245901639344262,0.8130790505108495,0.3679785599135764,0.4993353460910129,0.0399520575309628,-0.0458211143695014,-1.4844631498647471,0.0130618517095658,0.0
2025-02-28,26.03,26.03,-0.0026773777707164,-0.0060882988672552,-0.0081034593538367,-0.7881340006733517,0.0,26.374,26.976500000000005,26.914,4,28,2,26.438155646326244,26.651503679887384,41.95624195624195,-0.1455038523388374,0.0260449519902433,29.13154573161043,24.82145426838958,0.0411387097686736,0.0306777252246024,0.0267521454479839,203428225.0,-0.8784036330335337,0,0,-1,0,0,0.0030733768728389,-0.4768461089286031,0.3520435828471859,0.4869937904008274,0.0187866927592954,-0.0716833095577745,-0.8430989168350045,0.0149827122550903,0.0
2025-03-03,26.36,26.03,0.0118029163831418,0.0160912132625379,0.0169039753071104,-0.1276145753988829,0.0125979906278323,26.190999999999995,26.9155,26.935,0,3,3,26.42394552881238,26.632696990862392,42.105263157894726,-0.1464731458081196,-0.0084586675694292,29.067683469009957,24.76331653099005,0.041596313788516,0.0307100421725983,0.0267474195483026,204058104.0,-0.5162199301303468,0,0,-1,0,0,0.0149827122550903,-0.6000348485766123,0.3435888609275753,0.487506806046006,0.014626635873749,-0.0442349528643944,-0.7756664880461807,0.014226100151745,0.0
2025-03-04,26.55,26.36,0.0003784295220184,0.0039359061212383,0.0,-0.0007083233045461,0.0071820380536414,26.015,26.9035,26.96,1,4,3,26.44686452357376,26.627361701129335,40.735873850197095,-0.1304066589728485,-0.0328482658501131,29.061298829720435,24.745701170279567,0.0416864396687533,0.0301000145332728,0.0267689234538704,204687537.0,-0.3276487086108952,0,0,-1,0,0,0.0026555386949924,-0.5921490340280428,0.267137939874773,0.4778229174868188,-0.0067340067340067,-0.0089585666293392,-1.8182592274738072,0.0180790960451977,0.0
2025-03-05,27.14,26.55,0.0294522686071222,0.0200006667066694,0.0233444335897671,-0.1434906476490026,0.0219789067187751,26.224,26.915000000000003,26.979,2,5,3,26.572889155651257,26.66043513976616,43.41279799247175,-0.0692673127745848,-0.0401320752350074,29.07539470079592,24.754605299204087,0.0167174776466601,0.0304975831200132,0.0265238870848183,205232833.0,0.2082952711530954,0,0,-1,0,0,0.0252354048964217,-0.704621941130885,0.3163776526391338,0.4841341231444577,0.011177347242921,0.0085470085470085,-1.3442540742231273,0.0147383935151068,0.0
2025-03-06,27.07,27.14,-0.0084855701934067,0.0058501080920147,0.0037147145242386,0.5980051521641655,-0.0025825507805132,26.428000000000004,26.897,27.005666666666663,3,6,3,26.66327294553285,26.686858679136083,39.89501312335957,-0.0261607901089959,-0.0373378182098051,29.045292835097754,24.74870716490225,0.0168327379446436,0.0301927303417565,0.0264314599080561,204241219.0,0.1610581175653609,0,0,-1,0,0,-0.0055268975681651,-0.0613095463415582,0.158875028110949,0.4792947353179314,0.0399538993469072,-0.0131243164418519,0.5802041904993994,0.0169929811599557,0.0
2025-03-07,27.56,27.07,0.0084855701934067,0.0080209722178532,0.0084918361503131,-0.1418284378444164,0.0179393425192479,26.629,26.902500000000003,27.03033333333333,4,7,3,26.82631422816324,26.743190377256337,45.90377113133938,0.0469985742598737,-0.0204705397158693,29.057307354941805,24.7476926450582,0.0166271323977234,0.0304694874730906,0.0263640201217045,205101712.0,0.61026337086895,0,0,-1,0,0,0.0055411895086811,-0.2859063825392384,0.1540261517323822,0.4836881185763739,0.0587783326930464,0.004007285974499,-0.6282352230072764,0.0163606676342525,0.0
2025-03-10,26.76,27.56,-0.0062649919308293,-0.0182812307874207,-0.0226817680470232,-0.068043036914744,-0.0294572108854299,26.707,26.8765,27.026666666666667,0,10,3,26.81425709576992,26.74427486904625,40.74074074074075,0.0399639044718362,-0.0083836508783282,29.02466715023118,24.72833284976882,0.0198490159035035,0.0311601203135368,0.0269367593498425,204297822.0,-0.1084645577858883,0,0,-1,0,0,-0.0185050798258344,-0.3804767711112414,0.3245521058095477,0.4946515750348229,0.015174506828528,-0.0190615835777125,-1.1376541003865903,0.0209267563527652,0.0
2025-03-11,26.74,26.76,-0.0055607186846971,-0.0073937490249382,-0.0066031746386493,-0.2210807212756307,-0.0007476635862307,26.708,26.834000000000003,27.007666666666665,1,11,3,26.800755805629933,26.74399907104327,66.47173489278751,0.0324015403419295,-0.0002266126342766,28.95620739104253,24.71179260895748,0.0176740429590299,0.0310354118762155,0.026763769766665,203653382.0,-0.0885870065260941,0,0,-1,0,0,0.0052316890881912,-0.6528841130963112,0.3232509978853689,0.492671889965561,0.007156308851224,-0.0308082638637188,-0.7659917408251706,0.0200074794315632,0.0
2025-03-12,26.65,26.74,-0.0048444290755322,-0.0055814098381951,0.0050977170716688,-0.0575228640956103,-0.0033714210619435,26.689,26.7685,26.98933333333333,2,12,3,26.773345659151765,26.73793461484693,65.57692307692307,0.0189278756778463,0.0036042850281479,28.82420093054868,24.71279906945132,0.017647230879606,0.0308493396531966,0.026760895292429,203044966.0,-0.1152891437066894,0,0,-1,0,0,0.0011219147344802,-0.7270935466800302,0.2664258137623605,0.489718084997531,-0.0180545320560059,-0.0468526466380544,-0.568833917119051,0.0093808630393996,0.0
2025-03-13,26.11,26.65,-0.0161931612171261,-0.0101257193671626,-0.0186281759912488,0.1706148818360227,-0.020470767900816,26.697,26.6645,26.950333333333333,3,13,3,26.652737357487805,26.697422704211647,55.36398467432949,-0.034921039664983,-0.0041007799104782,28.625686268312275,24.70331373168772,0.0160003027785739,0.0310135976878913,0.0269977788383333,202323364.0,-0.5654740796009944,0,0,-1,0,0,-0.0116322701688554,-0.5914653235497842,0.2909269753896293,0.4923256004614102,-0.0354636128555596,-0.0737850301525364,0.2254544843664526,0.0180007659900422,0.0
2025-03-14,26.75,26.11,0.0113251493570535,0.0086320671103794,0.0163657315872791,0.245613635551484,0.0242160906309781,26.769,26.5715,26.907333333333334,4,14,3,26.670421474308203,26.7008147878109,57.0902394106814,-0.0256582691824149,-0.0084122777648656,28.30774246429067,24.835257535709324,0.0177141127649585,0.0313834509982689,0.026880667326473,203245864.0,0.2056164431768207,0,0,-1,0,0,0.0202987361164305,-0.3001655652727458,0.3271592379875738,0.498196839746409,-0.0293904208998547,-0.0650122334847954,0.5867449182848394,0.0100934579439253,0.0
2025-03-17,26.84,26.75,0.0,0.0078169018916108,0.00564654238821,-0.754499167112988,0.0033588387614655,26.817,26.504,26.88266666666667,0,17,3,26.70125393352489,26.709794478919875,51.15303983228511,-0.0109292237139371,-0.0089156669546799,28.072135332527765,24.93586466747223,0.0173831319122967,0.031285019133936,0.026737033153686,203679666.0,0.4285344421879517,0,0,-1,0,0,-0.0041121495327102,-1.0233265757739336,0.2550013937438578,0.4966342823417523,0.0029895366218235,-0.0478893224547712,0.4260013438282976,0.012295081967213,0.0
2025-03-18,26.29,26.84,-0.0094286951569556,-0.0202254085354407,-0.0147478566345556,0.3155579845048429,-0.0207046733616912,26.791,26.403,26.866,1,18,3,26.626480491065816,26.68271096415085,44.72168905950095,-0.0431394675923222,-0.0157604270822083,27.72174102643628,25.08425897356372,0.0186142278496896,0.0315148185238159,0.0264817857274562,203084913.0,-0.1713755737248378,0,0,-1,0,0,-0.0167660208643814,-0.7529596891141088,0.2971106462980992,0.5002822345640925,-0.0168287210172026,-0.0713528788413987,0.739182320127287,0.00684670977558,0.0
2025-03-19,26.78,26.29,-0.0026560440581162,0.0146481492373345,0.001902950146086,-0.0336891997679467,0.0184667015212366,26.755000000000003,26.489500000000003,26.861666666666668,2,19,3,26.65439312905385,26.68898767614112,57.66871165644172,-0.0287954766982672,-0.0183674370054201,27.652300159354848,25.32669984064516,0.0181498310963971,0.0176483979887888,0.0266946749295949,203659963.0,0.499655934277091,0,0,-1,0,0,0.00114111829593,-0.7734410027734945,0.3351910276726103,0.2801596327021664,0.0048780487804878,0.069061876247505,-0.082111983745021,0.0194174757281553,0.0
2025-03-20,25.88,26.78,-0.0130020952146629,-0.0237702193339118,-0.0195821192904654,0.2790850989387296,-0.0341848706303267,26.636000000000003,26.532,26.81,3,20,3,26.513594378316785,26.63679492284169,48.70466321243522,-0.0890240254086407,-0.0324987546860642,27.519044498578754,25.54495550142125,0.0208637722898709,0.0194963417154923,0.0271328366719561,202899793.0,-1.3211157165433067,0,0,-1,0,0,-0.0298730395817774,-0.3844964187736722,0.3966545292781033,0.3094948299283635,-0.0088088854844887,0.0339592489013182,-0.3723162426699297,0.0154559505409583,0.0
2025-03-21,25.49,25.88,-0.0162983817331195,-0.0220043620510323,-0.0160253576070118,-0.0531748368090225,-0.0151842512446757,26.429,26.529,26.744666666666667,4,21,3,26.327486309531917,26.5628081536261,42.56410256410256,-0.1663082271001457,-0.0592606491688805,27.528892625849004,25.52910737415099,0.0195008925496921,0.019311974737458,0.0272399228316944,202178989.0,-2.078223147446028,0,0,-1,0,0,-0.0123647604327666,-0.3903075243634682,0.3263196048107295,0.3065680948852558,-0.0471028037383177,-0.002348336594912,0.4105206575452455,0.0094154570419773,0.0
2025-03-24,25.45,25.49,-0.0086444546163409,-0.0025403042483453,-0.0021694121514945,-0.3909538958806618,-0.0015704753914923,26.297999999999995,26.502500000000005,26.683666666666667,0,24,3,26.167943344162477,26.49101407919861,40.35087719298245,-0.2281541603103001,-0.0930393513971644,27.588077702164966,25.416922297835043,0.0180268683699563,0.0189050417723872,0.0272289829483884,201691429.0,-1.9390597244232453,0,0,-1,0,0,-0.0058846606512357,-0.9426243162478676,0.3158411848316912,0.3001082343301465,-0.0517883755588673,-0.0204003079291763,0.6158208071222369,0.0090373280943025,0.0
2025-03-25,25.47,25.45,0.0160504522167522,0.0083780324440308,0.0043341281399813,0.6854095528793362,0.0007855459948339,26.171,26.4395,26.613,1,25,3,26.04104455431475,26.425142203121283,33.72319688109161,-0.2724134622805287,-0.1289141735738373,27.612233648615774,25.26676635138422,0.0180721964616615,0.0175771016903511,0.027119097477331,202659033.0,-1.65340186349106,0,0,-1,0,0,0.0117878192534381,0.6983481874250288,0.309145703968645,0.2790278390517738,-0.0311905667554203,-0.0471380471380471,-0.3206081465740521,0.0131527287004319,0.0
2025-03-26,25.14,25.47,-0.0160504522167522,-0.011709735672908,-0.0126609010727202,-0.8184183625260617,-0.0130410858292642,26.02,26.354499999999994,26.519,2,26,3,25.877218271712067,26.34222980291991,32.096474953617815,-0.3303099129719555,-0.169193321453461,27.64548045158909,25.0635195484109,0.0182467723120922,0.0176653182741048,0.0270198579397303,202232195.0,-1.881515709250344,0,0,-1,0,0,-0.0051040439733018,-1.1823018280383868,0.2171266986218491,0.2804282339045173,-0.0612397311426438,-0.063338301043219,-0.945569146476914,0.01412092283214,0.0
2025-03-27,25.69,25.14,0.000788954676032,0.0120977085196757,0.0097078523670171,0.3432646823375488,0.0216416079596908,25.978,26.3375,26.43566666666667,3,27,3,25.84317858594624,26.300150460796043,32.84403669724773,-0.3280315206308017,-0.2009609612889291,27.65515141946848,25.01984858053152,0.0193346985993818,0.0172994174344286,0.0273315028655412,202833841.0,-0.98280924747334,0,0,-1,0,0,0.0087509944311853,-0.4892941602454206,0.2337187068196897,0.2746197381467599,-0.0073415765069551,-0.0130618517095658,1.108463087627088,0.0163487738419619,0.0
2025-03-28,25.64,25.69,0.0283789695796118,0.0136764146538437,0.0092238903405213,0.3038501142420954,-0.0019481790693229,25.867,26.318,26.336666666666662,4,28,3,25.806237024865105,26.257560108486626,38.08510638297872,-0.3264968084474944,-0.2260681307206422,27.666005934730784,24.96999406526922,0.0170640078972617,0.0173018449279633,0.0271295154819443,202018571.0,-1.00593028937281,0,0,-1,0,0,0.0155702608018683,0.7680936628970395,0.2016897657034874,0.2746582734119708,0.0058846606512359,-0.0149827122550902,1.194016292004968,0.0210608424336974,0.0
2025-03-31,25.4,25.64,-0.0374897475931362,-0.0253815814609226,-0.0213236114978585,-0.197396031739185,-0.0094044580279785,25.723000000000003,26.27,26.243666666666662,0,31,3,25.732375747616903,26.202233649874582,36.38211382113823,-0.3407189364127383,-0.2489982918590614,27.678709749367897,24.861290250632106,0.0169195786651829,0.0171116547176948,0.0270697063046332,201349344.0,-1.235172824480526,0,0,-1,0,0,-0.0198907956318253,-0.1189144603290712,0.2156251940425494,0.2716390974229538,-0.0019646365422396,-0.0364188163884674,1.3596244765336982,0.0167322834645669,0.0
2025-04-01,25.23,25.4,0.0157918796978917,0.0031347988053714,0.0029889431438127,-0.1141408770892932,-0.0067154113715244,25.617,26.204,26.141,1,1,4,25.641034702595647,26.139508898269774,35.800000000000026,-0.3615400459420606,-0.2715066426756613,27.679575177797663,24.72842482220233,0.0160917073360727,0.0170122270739091,0.0270409500637928,200752305.0,-1.3201631670894862,0,0,-1,0,0,0.0051181102362205,-0.5403860458723518,0.2197070123222885,0.2700607325095415,-0.0094228504122496,-0.0497175141242938,1.7873454662957136,0.0170432025366626,0.0
2025-04-02,24.84,25.23,-0.0371077883150753,-0.0241548073118063,-0.0249811540154795,0.1471207422487264,-0.0155785055876883,25.423,26.089,26.134000000000004,2,2,4,25.495392029396434,26.05566961451044,36.907216494845386,-0.4048438776708174,-0.2981740896746925,27.615066839974418,24.56293316002558,0.0142739183879217,0.0162083547171041,0.0171630665541427,200060639.0,-1.6368876739644456,0,0,-1,0,0,-0.0249702734839476,-0.0186353552017259,0.228249347116094,0.2572996544578702,-0.0119331742243437,-0.0847457627118644,1.6060819459039295,0.0177133655394524,0.0
2025-04-03,23.86,24.84,0.0026387917473842,-0.007180023404213,-0.0285556336128672,1.0438974943592303,-0.040251840395508,25.221,25.928500000000003,26.094999999999995,3,3,4,25.198048024051623,25.914013510348475,22.15799614643548,-0.5123344138951076,-0.3410061545187756,27.6788716898708,24.178128310129207,0.0155307469287086,0.0180011601845704,0.0186047393030142,198096124.0,-2.36349800670358,0,0,-1,0,0,-0.0070450885668277,3.776198481565343,0.2339098083020515,0.2857595589540651,-0.0712339431685481,-0.1185814554857777,-1.6583948635818424,0.0398784576697401,0.0
2025-04-04,22.08,23.86,-0.0738117382202973,-0.0755047820923076,-0.077212962034299,0.1033356267102227,-0.0775311952608755,24.880000000000003,25.6545,25.979333333333333,4,4,4,24.63113020149678,25.666657800003414,15.406976744186068,-0.7327063791546493,-0.4193461994459503,27.95784744963801,23.351152550362,0.0262554524539103,0.0227424385136313,0.0224349477323545,195917745.0,-3.103743641074884,0,0,-1,0,0,-0.0398155909471919,3.004414859903141,0.452871040666689,0.3610250190854763,-0.138845553822153,-0.1988388969521045,-1.322775098229436,0.0416666666666665,0.0
2025-04-07,21.77,22.08,-0.0496635266703607,0.0060764075852825,-0.026292758354176,0.1138648675966471,-0.0141393461624384,24.512,25.405,25.839,0,7,4,24.110924710315544,25.415260522583843,15.963855421686771,-0.9217418917750352,-0.5198253379117673,28.226828447929368,22.583171552070628,0.025896431693356,0.0223528170110021,0.0221236711213466,193476652.0,-2.5763437197376944,0,0,-1,0,0,-0.0126811594202897,2.655211895398628,0.4410774656124076,0.3548399694770744,-0.1429133858267716,-0.1864723467862482,-1.346426751384163,0.0749747358750574,0.0
2025-04-08,21.67,21.77,0.0311607961761809,-0.0223155180080491,0.001033091594938,-0.1847195042385355,-0.0046040596981882,24.132,25.1515,25.670333333333332,1,8,4,23.6671202175309,25.173630811449403,9.12000000000002,-1.0673196650043977,-0.6293242033302934,28.35365897564957,21.94934102435044,0.0255817877498502,0.0222852670598789,0.0211460904508324,191447280.0,-2.1744704285294105,0,0,-1,0,0,0.0330730362884703,1.688766715628787,0.448274280964557,0.3537676472465957,-0.1411018628616726,-0.1896035901271502,-1.2875067303800485,0.050761421319797,0.0
2025-04-09,23.77,21.67,-0.0311607961761808,0.0590617144912617,0.0027868109071792,0.2733362151977865,0.0924954658238347,23.995,25.0075,25.568,2,9,4,23.68582563252528,25.08307398490428,35.838926174496635,-1.0016917703549844,-0.7037977167352316,28.184853251415475,21.830146748584525,0.0439201566440684,0.0327363033783879,0.0283497209199227,194114569.0,-0.7789502155284176,0,0,-1,0,0,0.0059990770650668,2.1901053351748665,1.018795645034397,0.5196727054966691,-0.0430756843800321,-0.1080675422138836,1.2391601864136272,0.1015986537652504,0.0
2025-04-10,22.61,23.77,0.0522790469059634,-0.0406482174757654,0.0220192382439172,-0.6013058042471716,-0.050031995082224,23.687,24.8325,25.454,3,10,4,23.49022097206614,24.923520824587875,32.48175182481752,-1.0313942258820283,-0.769317018564591,28.137168945927154,21.527831054072845,0.0448388877628294,0.0340240181898171,0.0291432331971085,192652640.0,-1.3450666534928557,0,0,-1,0,0,-0.0336558687421119,0.4933842381226463,1.0394189867526846,0.5401145444003655,-0.0523889354568315,-0.1340482573726541,1.2524765341354702,0.043343653250774,0.0
2025-04-11,23.41,22.61,0.0008703220740832,0.0227624171686902,0.0387145121806904,-0.1973044149674915,0.0347709952129408,23.464,24.6655,25.366666666666667,4,11,4,23.475635340781388,24.82587431977576,38.64142538975501,-0.9790939363276364,-0.8112724021172002,27.89897279497749,21.432027205022504,0.0472402496096233,0.034629114625444,0.0300249399381021,193852797.0,-0.7765644430039106,0,0,-1,0,0,0.0168067226890755,0.1174183378788092,0.8839123964602756,0.5497201525276472,0.0602355072463769,-0.124859813084112,0.8249314869069666,0.0273387441264417,0.0
2025-04-14,23.79,23.41,0.0342059855397762,0.019344589770735,0.0262776265650219,-0.5076881840298513,0.0161020428120468,23.303,24.513,25.281,0,14,4,23.532792551548404,24.759043718499903,41.006423982869386,-0.8966467700234517,-0.8283472756984505,27.59898939181358,21.427010608186414,0.0478519226000074,0.0349321207535661,0.0300962737326381,194575154.0,-0.4685693359270461,0,0,-1,0,0,0.0162323793250747,-0.5637852849211115,0.8511518564146419,0.5545302256920851,0.0927882406982085,-0.1136363636363636,0.4096688317496051,0.0205968894493485,0.0
2025-04-15,23.83,23.79,0.0037759642095349,-0.0018759776215673,0.009731407450224,0.093312572312584,0.0016799667957843,23.163,24.39,25.19033333333333,1,15,4,23.586830269448694,24.69910541408056,42.762430939226505,-0.8186423318076592,-0.8264062869202923,27.37212216913545,21.407877830864543,0.0479022030032021,0.034780830524848,0.0300486420651127,195368161.0,-0.3755714677258496,0,0,-1,0,0,0.0037831021437578,-0.48379479131504,0.8412905728093822,0.5521285677661923,0.0996769727734192,-0.0935717002662609,0.3280938918367057,0.0090222408728493,0.0
2025-04-16,23.72,23.83,-0.0075662403833158,0.0035405639401756,-0.0054887197114339,-0.0614831951937547,-0.004626716981126,23.051,24.237,25.07633333333333,2,16,4,23.61104294773075,24.635937322849557,38.55981416957025,-0.7569734148943432,-0.8125197125151025,27.009444105092065,21.46455589490794,0.0477534788061482,0.0343586512052371,0.0296638345834524,194622442.0,-0.3729561213158055,0,0,-1,0,0,-0.005455308434746,-0.5667861384555463,0.4970196037787782,0.5454266788360032,-0.002103491796382,-0.1142643764002988,-0.9157991212944092,0.0181281618887015,0.0
2025-04-17,23.61,23.72,-0.0033812373718692,-0.0079315798820001,-0.0025434519858303,-0.1495518489886354,-0.0046482230321031,23.026,24.1235,24.961,3,17,4,23.61085332087061,24.569747818149583,38.29296424452132,-0.7088057630118954,-0.7917769226144611,26.796824561402268,21.45017543859773,0.0460884702280699,0.0337157550228109,0.029662675386609,193980308.0,-0.3841658490809277,0,0,-1,0,0,-0.0042158516020235,-0.7008938346754655,0.2718555799802497,0.5352210183308076,0.0442282176028305,-0.0877125193199381,1.1583630483686909,0.0127064803049555,0.0
2025-04-21,23.29,23.61,0.0021146127566763,-0.0079949931438773,-0.0262324222768317,-0.0613105589115004,-0.0136462672011718,23.147,24.0135,24.81866666666667,0,21,4,23.55251635343959,24.487183442785096,37.942857142857136,-0.6885170811893282,-0.7711249543294345,26.63053146413659,21.396468535863413,0.038551766680205,0.0336913639546427,0.0294066103762454,193376361.0,-0.5529165467933718,0,0,-1,0,0,0.0025412960609912,-0.7420483402597543,0.1753471037762627,0.5348338221273028,-0.0051260145237078,-0.0863083562181247,0.9372452577569148,0.0309145556032633,0.0
2025-04-22,24.14,23.29,0.0100883579443407,0.0303747087732633,0.0397275396137693,0.3190205978991825,0.0358461317731358,23.384,23.948,24.73133333333333,1,22,4,23.65933156190512,24.464784510992512,44.22057264050901,-0.5969687739928489,-0.7362937182621174,26.477768868174756,21.418231131825248,0.0389437800629246,0.0348880963167029,0.0300017875273958,194207259.0,0.1517925233529572,0,0,-1,0,0,0.0266208673250322,-0.456972587678682,0.3088471182690636,0.5538313594227865,0.0147120638923918,-0.0514734774066797,1.800402273980498,0.0215368682684341,0.0
2025-04-23,24.46,24.14,0.0149442382682765,0.015050111202112,0.0155773055768564,-0.2057564307414202,0.0131689145896409,23.663,23.8975,24.65533333333333,2,23,4,23.80490764155873,24.464475832863965,47.97008547008547,-0.4929127638076558,-0.6876175273712252,26.3380941899608,21.456905810039203,0.0385542217941608,0.035052812165414,0.030146598995341,194883636.0,0.4609533221981776,0,0,-1,0,0,0.0053852526926263,-0.6493787187271439,0.3163977391879156,0.5564461424588696,0.0264372639530006,-0.039654495484884,1.1462545533833066,0.0210547833197056,0.0
2025-04-24,24.72,24.46,0.0130988364895911,-0.0020206109117781,0.0088250957574004,-0.14672292576843,0.0105735023304636,23.758,23.8765,24.591,3,24,4,23.971288070366235,24.48096126300177,54.97685185185185,-0.3850294194881165,-0.6270999057946035,26.279009871838397,21.473990128161606,0.0248774743272121,0.0350418567411362,0.0302413803044908,195467710.0,0.7021823384680247,0,0,-1,0,0,0.0053147996729353,-0.7986707902202607,0.3043068953558577,0.5562722304899921,0.042158516020236,-0.0167064439140811,0.5524495426431925,0.0101132686084142,0.0
2025-04-25,25.03,24.72,0.0173356488106639,0.0152552135482483,0.0171106412446859,0.1410145722392763,0.0124624728541929,24.0,23.8435,24.555,4,25,4,24.163781148481466,24.51638311700166,70.57182705718274,-0.2713882873917477,-0.5559575821140323,26.157633008065392,21.529366991934605,0.0165103184865377,0.034792651839872,0.0301536171219968,196140237.0,1.0254380330471249,0,0,-1,0,0,0.0121359223300971,-0.6805720993910686,0.2813781199279022,0.5523162253245324,0.0601440067767895,-0.0256909303230828,-0.1130577853372047,0.008298042349181,0.0
2025-04-28,25.26,25.03,0.0103380642398916,0.0083317284192944,0.008309327438472,-0.3923373165264645,0.0091470114786622,24.185,23.8245,24.505333333333336,0,28,4,24.363093666939378,24.564358399775745,74.6121297602257,-0.1609128900240328,-0.4769486436960324,26.08207648353667,21.56692351646333,0.0139799884439374,0.0348612135236659,0.029835177748483,196594513.0,1.2717177118634562,0,0,-1,0,0,0.0099880143827407,-0.9479497398884884,0.1799391474702572,0.5534046083132513,0.0845856590811509,-0.0148205928237129,2.12459771768326,0.0083135391923989,0.0
2025-04-29,25.03,25.26,-0.0039635406624555,-0.0035622440202592,-0.0035921012482105,0.4084602630062823,-0.0091470114786622,24.309,23.806,24.445,1,29,4,24.48434936385949,24.5943997933386,73.26869806094183,-0.0908719047356605,-0.399733295903958,26.01475196960372,21.597248030396276,0.0145506122237227,0.0348577226323235,0.0298521851930044,195911055.0,1.1083181967413054,0,0,-1,0,0,-0.0031670625494854,-0.6284718174708833,0.1477960210197432,0.5533491921311756,0.0368682684341341,-0.0145669291338581,-2.074695047238909,0.008389932081502,0.0
2025-04-30,25.35,25.03,0.0019837340367652,0.0059300430744169,-0.0019050521646317,0.281439127019907,0.0127036245935092,24.461,23.812,24.413666666666664,2,30,4,24.64174038861231,24.64314819376837,64.52205882352942,-0.0094338461224268,-0.3216734059476518,26.037626818878795,21.586373181121207,0.0146763849519471,0.034937645192026,0.0297555356446636,196816661.0,1.3820825548595783,0,0,-1,0,0,0.0079904115061925,-0.3431100852965477,0.1466330460860782,0.5546179234338751,0.0363859362224039,0.0047562425683709,-2.097881239197477,0.0160788954635109,0.0
2025-05-01,24.98,25.35,0.0023752980289072,-0.0015779095976067,-0.0069303466777968,-0.2547820461272632,-0.0147032253397605,24.587,23.819,24.353666666666665,3,1,5,24.703242136137344,24.66488056836396,75.48387096774194,0.0249627393565674,-0.252346176886808,26.05907424690553,21.578925753094467,0.0157974806157366,0.034917040527771,0.0296256989525128,196114739.0,1.0365727846778492,0,0,-1,0,0,-0.0023668639053255,-0.6331326030482796,0.2066283628877814,0.5542908345290742,0.0105177993527507,0.0056360708534621,-0.6563736420830754,0.021617293835068,0.0
2025-05-02,25.59,24.98,0.0149139342011752,0.0207079093301275,0.029805504557294,0.7586644979951469,0.0241261454742658,24.785,23.9055,24.344,4,2,5,24.864470838657827,24.72456569298565,74.43946188340806,0.1002881241123994,-0.1818193166869665,26.281710827095782,21.52928917290421,0.0164262431641526,0.0339437471001003,0.0293771552131684,197613639.0,1.4178034884714348,0,0,-1,0,0,0.0276220976781425,0.5475540863483612,0.2556179197394618,0.5388402803552128,0.0223731522173391,0.0725062866722547,-0.102349629884013,0.0125048847205939,0.0
2025-05-05,25.64,25.59,-0.0035121987323524,-0.0075691773314449,-0.0070727210353679,-0.4024950085797253,0.0019519818807719,25.02,24.0835,24.349,0,5,5,25.00547614072004,24.783625970857543,72.39709443099274,0.1621494583329266,-0.1130255616829879,26.41690298143174,21.75009701856825,0.0147947117012034,0.0284852760984901,0.0292393684963936,198615878.0,1.334103035254509,0,0,-1,0,0,-0.0003907776475186,-0.0998756382280258,0.2524663544363907,0.4521897395017035,0.0150435471100554,0.1612318840579711,0.3380578463248649,0.0118954758190327,0.0
2025-05-06,24.09,25.64,-0.0358175971135094,-0.0354949525109983,-0.0517915091284049,0.7063395440073743,-0.0623568154256892,25.015,24.1995,24.30366666666667,1,6,5,24.8390259333164,24.738875908221573,52.3049645390071,0.0851217349064725,-0.0733961023650958,26.263797765156028,22.135202234843973,0.0241393765739837,0.0320342117622039,0.0312944943525468,196584781.0,-0.1060893460704048,0,0,-1,0,0,-0.0374414976599064,1.6547040645059063,0.5249093133220465,0.5085273466126315,-0.0375549340791051,0.1065686724850711,-1.2832473377806548,0.0286425902864259,0.0
2025-05-07,23.89,24.09,-0.015105410709155,-0.0117767858571428,-0.0104363293299695,-0.4561758692008915,-0.0083368552890617,24.958,24.3105,24.251,2,7,5,24.666475763622504,24.68410972059438,51.48342059336825,0.0078479147301138,-0.0571472989460539,26.008318724458785,22.61268127554121,0.0237902565409263,0.0321067081677243,0.0313170094642636,195297670.0,-0.4953414565904721,0,0,-1,0,0,0.0091324200913241,0.5044881862493783,0.494874491611926,0.50967819137235,-0.0575936883629191,0.102445777572681,-0.9592134020506649,0.0272080368354961,0.0
2025-05-08,24.07,23.89,-0.0041220173780648,-0.0092336759469455,0.0066917857409525,-0.1588178476961808,0.0075062904572625,24.893,24.3255,24.215333333333334,3,8,5,24.558025624782047,24.64448973862055,53.96551724137931,-0.0384247126414472,-0.0534027816851325,26.008448227638727,22.64255177236127,0.0236259001695506,0.0238549701774691,0.031285586846023,196395771.0,-0.3036338204633648,0,0,-1,0,0,0.0133947258267057,0.4280269850343793,0.5105489524929406,0.3786859117346742,-0.0364291433146517,0.0126209507782919,-1.4817033362322058,0.0110095554632322,0.0
2025-05-09,24.54,24.07,0.0082271134549015,0.0120890725433498,0.0132507114764287,0.0457769283258757,0.0193381874877847,24.844,24.422,24.177,4,9,5,24.55474823845804,24.63774846516116,60.50420168067226,-0.0367474296688392,-0.0500717112818739,25.89957411429278,22.944425885707226,0.0242128616806595,0.0210952749060978,0.0312292553237839,197545308.0,0.1597212604884834,0,0,-1,0,0,0.0141254673867885,0.6245851219436683,0.4924576590465725,0.3348771074404587,-0.041031652989449,0.0853604599734629,-1.6653023866260828,0.0097799511002445,0.0
2025-05-12,25.04,24.54,0.0294673187572326,0.032855519370661,0.0235783280514686,0.1321781938924033,0.0201701069491324,24.822000000000003,24.503500000000003,24.157,0,12,5,24.642975831465662,24.66370017708625,58.03571428571427,0.0048714949355535,-0.0390830700383884,25.924785926293755,23.08221407370625,0.0250170818418342,0.0201791485236637,0.0314722641816982,198857288.0,0.754950133642726,0,0,-1,0,0,0.0244498777506113,1.0264946484037991,0.5316010010646869,0.3203340519759025,-0.0234009360374415,0.0696283639470312,-1.635406504979531,0.0191693290734824,0.0
2025-05-13,24.22,25.04,-0.0335724148340694,-0.0418572168157593,-0.0351630666311231,-0.0785323293847525,-0.0332958081069516,24.741000000000003,24.525,24.117666666666665,1,13,5,24.56607113483554,24.63507435920972,48.03278688524588,-0.0279897065275065,-0.036864397336212,25.913471329069885,23.13652867093011,0.0269538202738176,0.0214907932613873,0.0319895315441714,197644399.0,-0.4393320821457853,0,0,-1,0,0,-0.0291533546325878,0.6985836440219674,0.353752383862461,0.3411557666828025,0.0053964300539641,0.0180748213535097,-1.015904834908877,0.0123864574731625,0.0
2025-05-14,23.88,24.22,0.0,0.0008216927331676,-0.0070996330786075,0.3167935795382802,-0.0141374496005448,24.594,24.5275,24.072666666666667,2,14,5,24.44133092850181,24.586359884421995,43.20388349514563,-0.0805391981976804,-0.0455993575085057,25.91087307068691,23.14412692931309,0.0265455017584943,0.0217549596167869,0.0320619086275904,195979443.0,-0.9361176875858755,0,0,-1,0,0,0.0037159372419487,1.632734739714978,0.3656801736881819,0.3453492775696276,-0.0004185851820845,0.0020981955518255,-0.7629327115827476,0.0205192629815746,0.0
2025-05-15,24.28,23.88,-0.0103370777814991,-0.0008216927331677,0.0027205206692479,-0.8276857133882686,0.0166116776668961,24.524,24.5555,24.054,3,15,5,24.411998032410565,24.56659473058832,44.01913875598086,-0.0888837948259109,-0.0542562449719867,25.89192846898056,23.219071531019445,0.0272118894167316,0.0220221250660643,0.0321119479268419,196707128.0,-0.4122929231074453,0,0,-1,0,0,0.007537688442211,-0.6244338535689624,0.3828846998791944,0.3495903975958082,0.0087245533859576,0.0236087689713322,-0.9233828236448648,0.0166803953871498,0.0
2025-05-16,24.03,24.28,-0.0020803003133708,-0.0074257766968495,-0.0016732904970927,0.1726959130956257,-0.0103499164429199,24.368,24.5765,24.05966666666667,4,16,5,24.34254384469955,24.531975715711656,40.22257551669316,-0.1143516834112645,-0.0662753326598423,25.86262473818654,23.29037526181346,0.0255606499093808,0.0221398382305353,0.0313163131587183,195842271.0,-0.8498398075610831,0,0,-1,0,0,-0.0111202635914332,-0.3262671422205955,0.3542139039747259,0.3514590361511804,-0.0207823960880194,0.0177890724269378,-0.0620226015400877,0.0110278818143985,0.0
2025-05-19,23.87,24.03,-0.0029197101033347,-0.0058139698654197,-0.0035650661644961,0.295049728616566,-0.0066806093976388,24.191000000000003,24.6055,24.119333333333334,0,19,5,24.256626782026903,24.489267605020583,40.67524115755627,-0.1457655370503729,-0.0821733735379484,25.79176304000003,23.419236959999967,0.0254086511536145,0.021952235639678,0.0279588786274035,194680601.0,-1.2400285184641318,0,0,-1,0,0,-0.0037453183520599,0.3399573426644778,0.2816088429682756,0.3484809373468628,-0.0467252396166133,0.0249033920137398,0.3782871167609374,0.0087976539589443,0.0
2025-05-20,23.96,23.87,-0.0004177982095451,-0.0004165798852162,0.0016792615197199,0.0261220374331874,0.0037633328965098,24.178,24.5965,24.19233333333333,1,20,5,24.20269463984019,24.45512130792248,38.39732888146912,-0.1615368977414064,-0.09804607837864,25.80023585145169,23.39276414854831,0.0171109376794975,0.0203658000356121,0.0277736256392614,195873016.0,-1.0575409866415264,0,0,-1,0,0,0.0025136154168411,0.3727483064541775,0.197680214827183,0.3232970528706014,-0.0107349298100742,-0.0074565037282519,0.9803574893739816,0.006677796327212,0.0
2025-05-21,23.43,23.96,0.0054178086262508,0.0029124214470349,-0.0182015606943296,0.3237461973018835,-0.0223685207275443,24.132,24.545,24.251,2,21,5,24.062204705323783,24.38898444934684,37.39837398373984,-0.2143317028669571,-0.1213032032763034,25.85662414387925,23.233375856120745,0.0183334805966165,0.0206719944676262,0.0281332300758181,194224745.0,-1.7001821828352142,0,0,-1,0,0,0.0041736227045074,1.3556425017116327,0.2335220750975569,0.328157738790252,-0.0188442211055276,-0.0421095666394113,0.3186986624354351,0.028169014084507,0.0
2025-05-22,23.07,23.43,-0.0363984318742685,-0.0359522755252351,-0.0237746231361548,0.3772195353639957,-0.015484180334042,24.032,24.4625,24.227666666666664,3,22,5,23.88180384981037,24.30388867842124,28.644067796610187,-0.2819705763657012,-0.153436677894183,25.926494176026186,22.99850582397381,0.0184689624176094,0.0206571423952535,0.0220090392672455,191821196.0,-1.902329972076461,0,0,-1,0,0,-0.009816474605207,2.510686744549577,0.1540054474662393,0.3279219694505407,-0.0498352553542009,-0.0667475728155339,0.3946792888247927,0.0156046814044213,0.0
2025-05-23,22.55,23.07,-0.0319711924750265,-0.0191310182507093,-0.0214443942057454,-0.6093910124267664,-0.0227980062369749,23.833,24.3385,24.225666666666665,4,23,5,23.639657695299395,24.190734570136,25.745682888540045,-0.3732321373534297,-0.1973957697860323,26.0060639339331,22.6709360660669,0.0172448027698407,0.020735733217335,0.0205030900958363,190514430.0,-2.145045192698145,0,0,-1,0,0,-0.0260078023407022,0.193958738924746,0.1775492914353052,0.3291695600738988,-0.0615896795672076,-0.0990811026767878,0.8054665878573899,0.017960088691796,0.0
2025-05-27,23.08,22.55,0.0280843380890515,0.0182693206532282,0.0279846398863555,-0.2084340077934025,0.0232313756912114,23.637,24.2295,24.214666666666663,1,27,5,23.537901750699504,24.119074275288515,40.560747663551375,-0.3982008003796693,-0.2375567759047597,25.92814930864333,22.530850691356665,0.0178406236885154,0.0214846231353283,0.0199044852672969,191575334.0,-1.353428272864722,0,0,-1,0,0,0.0248337028824833,-0.4218697584230866,0.3160513035617009,0.3410578189681422,-0.0330959363217429,-0.0863024544734759,1.0399514160442598,0.0082322357019063,0.0
2025-05-28,22.93,23.08,-0.0082555324397504,-0.0095280062516545,-0.0063215469372561,-0.0862932081795054,-0.0065203447700856,23.508,24.1245,24.186,2,28,5,23.427374159663227,24.042359805915066,40.94339622641508,-0.4251910543132808,-0.275083631586464,25.87367093145259,22.37532906854741,0.0155782762366372,0.0214617086309285,0.0196857071687876,190602140.0,-1.365789904829981,0,0,-1,0,0,-0.0069324090121315,-0.6784762043988984,0.3030662725876776,0.3406940624877932,-0.0429883138564274,-0.083899320815022,1.6541148943007653,0.0050152638464894,0.0
2025-05-29,22.96,22.93,0.0039190122007356,0.0047753509457942,0.0015295534501754,0.067350741104187,0.0013074745815525,23.416,24.005000000000003,24.157,3,29,5,23.342397039724457,23.97253014101732,39.223300970873794,-0.4390986201665292,-0.307886629302477,25.72801449426253,22.28198550573747,0.015381894861277,0.0211360537746516,0.0196840484343374,191643137.0,-1.2129903764358902,0,0,-1,0,0,0.0034888791975578,-0.5404701595263177,0.2821601925656036,0.3355244519100978,-0.0200597524541186,-0.0942800788954635,0.9489116653442587,0.0082752613240418,0.0
2025-05-30,23.04,22.96,-0.0074155192594651,-0.0002165674074517,-0.0085517460102795,0.2619665636180567,0.0034782643763247,23.292,23.908,24.13433333333333,4,30,5,23.287415759774557,23.91236690611298,34.24369747899159,-0.4386091219584891,-0.3340311278336794,25.618285910252204,22.19771408974779,0.0139131335666289,0.0210781667658791,0.019688997317459,192995895.0,-1.0150349655537982,0,0,-1,0,0,-0.0052264808362369,0.1343184384593918,0.2652091436364897,0.3346055241339778,-0.0013003901170351,-0.077662129703763,0.1608122627355776,0.0164930555555556,0.0
2025-06-02,22.81,23.04,-0.0048277469233576,-0.0102319386187385,-0.00951439857869,-0.2943836722524548,-0.0100327995313938,23.17,23.769,24.107666666666667,0,2,6,23.200612894361,23.841246460557304,25.167037861915347,-0.451574795761779,-0.3575398614192994,25.350749863805703,22.18725013619429,0.013900558605025,0.0200300395470519,0.0197492051535788,191988103.0,-1.2125811064622238,0,0,-1,0,0,-0.013454861111111,-0.669954162058293,0.2070140637024929,0.3179670203537303,0.0115299334811529,-0.1086361860101602,1.2909120043212985,0.0157825515124946,0.0
2025-06-03,22.8,22.81,-0.0088378834202987,0.0030587745063251,-0.001334816660927,0.5553524335137774,-0.0004385003359015,23.063,23.627,24.09133333333333,1,3,6,23.12777418629536,23.77406926955361,30.70652173913045,-0.4573846564821693,-0.3775088204318734,24.997303078295555,22.25669692170445,0.0139625933116705,0.0199900370307508,0.0196054047883618,190231970.0,-1.207032244324609,0,0,-1,0,0,-0.0122753178430511,1.0892455021637064,0.089279413008267,0.3173320000940324,-0.0121317157712304,-0.110764430577223,-0.545468844218007,0.0201754385964912,0.0
2025-06-04,22.98,22.8,0.0189058170072125,0.0089043915519499,0.0207101475595158,-0.1506576221667639,0.0078637364602144,22.965,23.5715,24.052666666666667,2,4,6,23.10090615242348,23.72283899409854,37.21590909090909,-0.4423652065453609,-0.3904800976545709,24.952716473779155,22.19028352622085,0.0142906919875201,0.015458436827627,0.0184017215333032,191742494.0,-0.856491377316972,0,0,-1,0,0,0.0070175438596491,0.5985328637257568,0.1049991301658185,0.2453950770222198,0.0021805494984736,-0.046077210460772,-1.0032040848984405,0.008485639686684,0.0
2025-06-05,23.33,22.98,0.0026098318423709,0.0116080409196907,0.0008718396367409,0.0876663434799298,0.0151158136127289,22.955,23.5435,24.015,3,5,6,23.14255957925557,23.697494542866377,36.3112391930835,-0.397636404383519,-0.3919113590003605,24.92022800511594,22.166771994884066,0.0139268710521745,0.0158631997029969,0.0184596663843279,193391418.0,-0.3101556722992989,0,0,-1,0,0,0.0017406440382941,0.8992696145057649,0.1493112055404808,0.2518204884713009,0.016114982578397,-0.0234407701967351,-0.2675749690174293,0.0190741534504929,0.0
2025-06-06,23.46,23.33,0.0090811434885811,0.0083005691014041,0.0121266102757636,-0.2959909829190405,0.0055567571919908,22.994,23.513,23.973000000000003,4,6,6,23.20027601939092,23.682172314294355,41.49253731343282,-0.3476906316996455,-0.3830672135402176,24.86746396469211,22.15853603530789,0.0129572185096088,0.0158131985086757,0.0183688118750005,194617878.0,-0.0782597416861436,0,0,-1,0,0,-0.0042863266180882,-0.2226490588687245,0.1502611694913154,0.2510267441187217,0.0182291666666667,-0.0253427503115911,-0.4770465764800696,0.0153452685421994,0.0
2025-06-09,23.48,23.46,0.0149543483269069,0.001905770825616,0.0100654024640632,-0.4086782781209163,0.0008521517345662,23.087,23.46,23.921333333333333,0,9,6,23.251134924956204,23.66912893917859,43.925233644859794,-0.303001600318268,-0.3670540908958277,24.725277169579854,22.194722830420144,0.0098145307747588,0.0150606577774908,0.018182063544686,195432895.0,0.0316136266121685,0,0,-1,0,0,0.0051150895140663,-1.21430290520438,0.0993804692745783,0.239080530361749,0.0293730819815871,-0.0431947840260797,0.80412165226267,0.0072402044293016,0.0
2025-06-10,23.83,23.48,0.0025412974286727,0.0115681172250336,0.0040404095370049,0.6425889573998205,0.0147962961507548,23.162,23.3995,23.873666666666665,1,10,6,23.356383120418712,23.679507717296104,48.12680115273771,-0.236615588833505,-0.3409663904833632,24.4429452045064,22.356054795493595,0.0081628834276542,0.0146759263566536,0.0183323641085505,196982566.0,0.8251511399750947,0,0,-1,0,0,0.0068143100511073,0.6102014682781596,0.0981780566223265,0.2329731083952229,0.045175438596491,-0.0483226837060702,-0.1490883562198769,0.014687368862778,0.0
2025-06-11,23.62,23.83,0.0067453881395316,0.0016715423866908,0.0013445964737634,-0.2659111697992207,-0.0088514803414343,23.231,23.3695,23.826666666666664,2,11,6,23.404313462160765,23.675668509728613,53.01587301587305,-0.1986594192789645,-0.3125049962424834,24.34597001197226,22.393029988027735,0.0084953327165386,0.0129419046666868,0.0183284037962282,195794732.0,0.5130725919458525,0,0,-1,0,0,-0.0012589173310951,-0.2935260047408797,0.1606389440831545,0.2054463674373583,0.0278503046127067,-0.0247729149463252,-0.5387651350455658,0.0151693480101608,0.0
2025-06-12,23.62,23.62,-0.0114093779381578,-0.0090175718536429,-0.003894534107036,-0.556906120302884,0.0,23.297,23.3565,23.769,3,12,6,23.44352919631335,23.67207699297193,59.856630824372814,-0.1666577545934551,-0.2833355479126778,24.31102992016575,22.40197007983425,0.0085342920217156,0.0125832059302495,0.0181259280947051,195794732.0,0.5521042231012402,0,0,-1,0,0,-0.0038103302286198,-1.3928558007557212,0.1375436879070589,0.1997522015241212,0.0124303471924562,-0.0108877721943048,0.2994147791795052,0.0099491955969517,0.0
2025-06-13,22.75,23.62,-0.023216863964181,-0.0301530381706874,-0.0341950650326461,0.1600873975732851,-0.0375286653722568,23.268,23.28,23.694666666666663,4,13,6,23.31743297880183,23.61258815471568,53.18471337579618,-0.2090877010125744,-0.2684859785326571,24.165651707749173,22.39434829225082,0.0151620205026681,0.0143093117765814,0.0190802276981562,194995966.0,-1.1968587546609193,0,0,-1,0,0,-0.0266723116003388,-1.1276252701486318,0.3052102098511964,0.2271532823599338,-0.0302642796248934,-0.063014827018122,-1.158454817637509,0.014065934065934,0.0
2025-06-16,22.84,22.75,-0.0043592048106148,0.0021687278073049,0.0048319883164623,0.101769044129261,0.00394823939085,23.271,23.2205,23.603,0,16,6,23.23062698265604,23.56274375763725,45.55555555555558,-0.2327682835231392,-0.2613424395307536,24.05225084836437,22.38874915163564,0.0148993534665525,0.014289618175705,0.0184231097689451,195880302.0,-0.9149374497140644,0,0,-1,0,0,0.0061538461538461,-0.9227021858186426,0.3103377278434974,0.2268406561379046,-0.0272572402044293,-0.0495214315439035,-1.2239026541961286,0.0113835376532398,0.0
2025-06-17,22.11,22.84,-0.0105402820354323,-0.0183651860400385,-0.0331915979439058,0.1925011620776221,-0.0324833899184545,23.202,23.1325,23.485333333333337,1,17,6,23.026876622173123,23.46901835391872,37.49999999999997,-0.3069024346807225,-0.2704544385607473,24.043552023511477,22.221447976488527,0.0180572225837478,0.0157303857122471,0.0190977952526296,194808241.0,-2.244657766213994,0,0,-1,0,0,-0.0083187390542907,-0.4492241685589081,0.2955637248182061,0.2497121317303782,-0.0721779269827948,-0.0737327188940092,-0.3864511591464951,0.0264586160108548,0.0
2025-06-18,22.06,22.11,-0.0266205183721399,-0.0211848707689875,-0.0056786069688433,-0.1107935757035642,-0.0022639810439985,23.11,23.0375,23.417666666666666,2,18,6,22.8510808726871,23.37811394398848,36.3636363636363,-0.36547588718674,-0.2894587282859459,23.980906481610333,22.09409351838967,0.0176627069311358,0.0156370921855443,0.0159386240579364,193848614.0,-2.072277473293328,0,0,-1,0,0,-0.0024875621890547,-0.686897788588109,0.3072548753579986,0.2482311429068504,-0.0660457239627435,-0.0792988313856428,-0.5836160784273182,0.0106527651858567,0.0
2025-06-20,22.29,22.06,0.0221957323917843,0.0163186811178145,0.0135748690910688,0.2462024122599352,0.0103721335724211,23.006,22.9805,23.36433333333333,4,20,6,22.749066168562173,23.30791304437632,39.130434782608674,-0.3888542230568461,-0.309337827240126,23.96107931323499,21.99992068676501,0.0171410869853763,0.0153434462383957,0.0160820692404519,195076129.0,-1.4083511464707503,0,0,-1,0,0,0.0222121486854035,0.0107712985043476,0.3428030898318623,0.2435696580089081,-0.0563082133784929,-0.0486555697823303,-0.4438640829957455,0.0134589502018842,0.0
2025-06-23,22.68,22.29,-0.0111483874826143,0.0061892328430631,-0.00238035889757,0.2841898737049698,0.0173453314617737,22.928,22.961,23.318,0,23,6,22.73650868336905,23.267402525384306,48.19944598337951,-0.3716280848005873,-0.3217958787522182,23.949564083627944,21.97243591637206,0.0182894030420586,0.0156362428955072,0.0163895332817228,196707110.0,-0.568501333709713,0,0,-1,0,0,0.0004486316733962,1.4374885840877702,0.3028701559347031,0.2482176608454762,-0.003076923076923,-0.0169050715214564,-1.4435815737645177,0.0217328042328043,0.0
2025-06-24,23.9,22.68,0.0541144233660574,0.0540440250651737,0.0561873452452165,-0.1818536044410347,0.0523949800779135,22.97,23.0285,23.296666666666667,1,24,6,22.94805255912013,23.30821526568209,61.410788381742734,-0.2565748074225951,-0.3087516644862936,24.08118128833353,21.97581871166647,0.0257430890126758,0.0189899170642614,0.0189280143519055,198066897.0,1.6557718079698032,0,0,-1,0,0,0.0379188712522045,0.5533777035651835,0.4946609556017488,0.3014555878186656,0.0464098073555165,0.0598669623059866,0.1999621522807573,0.0196652719665271,0.0
2025-06-25,23.92,23.9,0.0055073216937619,0.0004174493903243,0.006579669285304,-0.4319053844200362,0.0008364701449661,22.979,23.070500000000003,23.25933333333333,2,25,6,23.12477027564374,23.34768524854131,60.08583690987126,-0.1619139797626623,-0.2793841275415674,24.196320870143044,21.94467912985696,0.0253450379811379,0.0183733661414082,0.0185090855627006,198949767.0,1.5091210733943223,0,0,-1,0,0,-0.0096234309623429,-0.9285305337714896,0.3571693328354758,0.2916681453438037,0.0818634102216193,0.0363951473136916,1.6051081748253049,0.0135869565217391,0.0
2025-06-26,24.08,23.92,0.0100883579443407,0.0062409189458309,0.0094747524245702,-0.2555914607695068,0.006666691358189,23.025,23.128,23.254666666666665,3,26,6,23.29844840734488,23.39493136153865,58.38926174496645,-0.0731408073252488,-0.2381354634983037,24.337934317515728,21.918065682484272,0.0251745241712035,0.0182907038001143,0.0175800578616252,199633513.0,1.573639140932333,0,0,-1,0,0,-0.0004180602006689,-1.436648295684007,0.3330881890826537,0.2903559213566798,0.0915684496826836,0.0501526384648931,1.7913639536320876,0.0103820598006644,0.0
2025-06-27,24.14,24.08,0.0033402953813697,0.0045520459318665,0.0012565446679482,0.1043111840293339,0.0024885952287652,23.077,23.187,23.26333333333333,4,27,6,23.45145778782763,23.443000305955515,57.72727272727272,0.0020306617619034,-0.1901022384462622,24.47500294216201,21.89899705783798,0.0251625035884372,0.018288192778673,0.0173843011400596,200392434.0,1.4798102842844667,0,0,-1,0,0,-0.0037375415282391,-1.1314818033415976,0.3486268611745717,0.2903160601270573,0.0829968595782864,0.0513937282229965,1.7980561129065595,0.0136702568351283,0.0
2025-06-30,23.98,24.14,-0.0004169272522349,-0.0041373662659613,-0.0004186728133168,-0.2111798938044115,-0.0066500660700173,23.2,23.234,23.25333333333333,0,30,6,23.547556371858967,23.477645447506774,55.50660792951543,0.0481390131918715,-0.1424539881186355,24.567225609709933,21.90077439029007,0.0214620389558983,0.0184038287791316,0.0171534836304832,199777990.0,1.1190904143557594,0,0,-1,0,0,-0.0066280033140016,-1.3781414499306774,0.383559694013775,0.2921517247259747,0.0573192239858906,0.0407986111111111,2.010925210331227,0.0100083402835697,0.0
2025-07-01,24.2,23.98,-0.0092166551049239,0.005581409838195,-0.005458758043751,0.2664120107967485,0.0091324835632724,23.336,23.3035,23.259,1,1,7,23.666182486066425,23.52424896702247,54.19501133786849,0.1012650547601765,-0.0937101795428731,24.68760944200198,21.91939055799802,0.0214841947727072,0.0182362753821064,0.0171294823364674,200580007.0,1.2954177939907718,0,0,-1,0,0,-0.0091743119266054,-0.817367976740697,0.0966194718380694,0.2894918970068578,0.0125523012552302,0.0609381850065759,-0.7391868144093549,0.0208677685950412,0.0
2025-07-02,24.52,24.2,0.01958804033399,0.0120890725433498,0.0200090043477841,-0.0614921086465742,0.0131364779053699,23.577,23.3895,23.280666666666665,2,2,7,23.821422034054347,23.58849096915005,59.95575221238936,0.1672610696098679,-0.0415159297123248,24.853330231768357,21.92566976823165,0.0168673563133335,0.0183515011206556,0.0172322275811808,201334192.0,1.54457801931624,0,0,-1,0,0,0.0012396694214876,-0.8740665400461918,0.1202170613519532,0.2913210488998679,0.0250836120401336,0.075438596491228,-0.9090499849411664,0.0130505709624796,0.0
2025-07-03,24.17,24.52,0.0037075222695318,-0.0061287219413734,-0.0049648426353546,0.1445230899878209,-0.0143769163526189,23.788,23.449,23.287666666666667,3,3,7,23.884799846044466,23.626007680817796,55.64681724845996,0.1891410120748986,0.0046154586451198,24.939247595135583,21.958752404864413,0.0182501636811621,0.018756342419088,0.0174471733909403,200462740.0,0.9676244435534976,0,0,-1,0,0,-0.0081566068515497,-0.4576358329942213,0.1792006064619778,0.2977477052764708,0.0037375415282392,0.0517841601392514,-0.3828246657117171,0.0119983450558543,0.0
2025-07-07,23.84,24.17,-0.014078907498598,-0.01465605756953,-0.0133613678782133,0.352345323747596,-0.0137473525182427,23.943,23.4745,23.30133333333333,0,7,7,23.87665441949093,23.639813636894065,62.58660508083141,0.1778031776862505,0.0392530024533459,24.973601134212384,21.97539886578761,0.0196251411373761,0.0188519862606078,0.0171353883351734,199223187.0,0.4876255399433498,0,0,-1,0,0,-0.0078609846917667,0.8107116732276218,0.2044591175199803,0.2992660041910487,-0.0124275062137531,0.0218602657522504,0.4391621130631835,0.0106963087248323,0.0
2025-07-08,24.08,23.84,-0.009637619118718,0.0045643232767438,-0.0016827938342161,-0.0037859391767267,0.0100167782434712,24.083,23.5055,23.335,1,8,7,23.91362634321985,23.66821275709445,63.839285714285694,0.1860393111118234,0.0686102641850414,25.02878557645602,21.982214423543983,0.019318263366995,0.0189328498256372,0.0169401864491015,200458056.0,0.7542906056218197,0,0,-1,0,0,-0.0037751677852348,0.7925121769479808,0.2168498037464409,0.3005496734902128,0.0041701417848205,0.0264279624893435,-0.5532539496671115,0.0168189368770764,0.0
2025-07-09,24.13,24.08,0.0183567941412857,0.002274372943597,0.0042016868536999,0.3193580187534657,0.00207425919632,24.106,23.538,23.387666666666668,2,9,7,23.95296700808896,23.6980054824432,76.57894736842104,0.1943606200793048,0.0937603353638941,25.08652187587729,21.989478124122712,0.0096632990087571,0.0189327119699432,0.0163169236690911,202157537.0,0.7646001121742133,0,0,-1,0,0,0.0045681063122924,1.980073653152002,0.2053524901722149,0.3005474850989129,-0.002892561983471,0.0276831345826233,-0.2084721717440713,0.0149191877331122,0.0
2025-07-10,24.66,24.13,0.0061817629374451,0.0200374726839642,0.0199259394610808,-0.5967426665506308,0.0217266180992578,24.18,23.579500000000003,23.44033333333333,3,10,7,24.081518461163697,23.76006964486622,80.37383177570095,0.240944430579983,0.1231971544071119,25.20361400950179,21.95538599049821,0.0117153341171722,0.0192580428546869,0.0162505337927246,203093275.0,1.330571614650933,0,0,-1,0,0,0.0087028595109822,-0.252944921694927,0.2472824324766616,0.305711952787957,0.0057096247960848,0.0348300461603021,0.2825595414597235,0.0150040551500405,0.0
2025-07-11,24.03,24.66,-0.0070088928439894,-0.0204506104712907,-0.0163683339509588,-0.5176344828597078,-0.0258794479878206,24.175,23.6,23.477,4,11,7,24.07215146822484,23.77748450648776,68.58974358974362,0.2244395022761871,0.143445623980927,25.236568939827265,21.963431060172734,0.0146816613573324,0.0200929285644231,0.0169641319981749,202535642.0,0.5254896259309251,0,0,-1,0,0,-0.0198702351987022,-1.3178449888313777,0.2993079643014663,0.3189653525546981,-0.0057923045097227,0.0173581710414902,-0.2016095683156875,0.0110278818143986,0.0
2025-07-14,24.04,24.03,-0.0112337357779268,-0.0024824174932551,-0.0029288723866124,0.0965414146086357,0.0004160599186292,24.165,23.621,23.513,0,14,7,24.06630574672941,23.79442098994016,65.81395348837209,0.2097482963142276,0.1567061584475871,25.26938549402517,21.972614505974835,0.0146554330259435,0.020091997567409,0.0169656273060489,203149794.0,0.5083762281562522,0,0,-1,0,0,-0.0054099042863088,-1.1197027793389664,0.2777835544830179,0.318950573435274,0.0083892617449663,0.0177815410668924,-0.9078169368113904,0.0114392678868553,0.0
2025-07-15,24.11,24.04,0.0174205981605014,0.0086616338592133,0.0060574597753021,-0.0106368134813051,0.0029075825260728,24.178,23.689,23.54866666666667,1,15,7,24.074250156414973,23.814780926073052,53.33333333333335,0.2014318438219327,0.1656512955224562,25.297829584402717,22.080170415597287,0.0145088199509582,0.0180023890989531,0.0169638402634601,203757448.0,0.5233618328274315,0,0,-1,0,0,0.0116472545757072,-1.0828726997885558,0.268861512085954,0.2857790673651019,0.0012458471760796,0.0597802197802197,-0.6259163808569341,0.0141020323517212,0.0
2025-07-16,24.38,24.11,-0.0057732119113196,0.00164136269923,0.0,0.5119884385004527,0.0111364318600457,24.196,23.766,23.601000000000003,2,16,7,24.1298410370668,23.85124667277802,56.764705882352914,0.2141590466405354,0.1753528457460721,25.350974182113124,22.181025817886876,0.0146545813665673,0.0180939792798438,0.0169035474625302,204771383.0,0.7747760271797004,0,0,-1,0,0,0.0029033596018249,0.1135808433793876,0.2800866649963049,0.2872330164121342,0.0103605470368834,0.0674255691768825,-0.9768664312730228,0.0155865463494667,0.0
2025-07-17,24.61,24.38,0.009467039218222,0.0110092855083693,0.0154977789288541,-0.1844575036507214,0.0093897403498391,24.205,23.891,23.66133333333333,3,17,7,24.21714266669101,23.90019850034073,57.63688760806918,0.2400375212518,0.1882897808472177,25.31191001236119,22.470089987638808,0.0143444764425432,0.0160900931714142,0.0169432628318468,205614526.0,1.0120274946971564,0,0,-1,0,0,0.0012305168170632,-0.3634075109335871,0.234818005740218,0.2554223106205232,-0.0020275750202757,0.1130710085933965,-1.7471629088179452,0.0111743193823648,0.0
2025-07-18,24.6,24.61,0.0138326046098307,0.0050561337363389,0.0051130083780051,-0.034153391612752,-0.0004064214646472,24.248,24.018,23.71533333333333,4,18,7,24.286753090929007,23.945346984189715,56.72514619883043,0.2567794882976457,0.2019877223373033,25.180367819340663,22.855632180659335,0.013401161400901,0.016048339516749,0.0169230692971162,204799693.0,1.0014041860349043,0,0,-1,0,0,0.0056887444128403,-0.4243291896994297,0.0840997903629181,0.2547594919010915,0.0237203495630462,0.115140525838622,0.4467135817615743,0.0111788617886178,0.0
2025-07-21,24.54,24.6,-0.0117863587556729,-0.003637837479949,-0.0086048471935184,-0.0509501767077051,-0.0024420036555518,24.318,24.1305,23.75566666666667,0,21,7,24.332797983487367,23.983711694887152,58.43373493975902,0.2621838272845878,0.2140269433267602,24.98287686257886,23.278123137421144,0.0123911907768375,0.016101803725026,0.0167682993031993,204025336.0,0.9608425990378492,0,0,-1,0,0,-0.0056910569105691,-0.4830244134897037,0.0950192727119643,0.2556082098959542,0.0207986688851913,0.1009421265141319,0.2322940691032671,0.0160961695191523,0.0
2025-07-22,25.02,24.54,0.0089540687781607,0.0142730335382855,0.0155168486906841,0.1420685733030017,0.0193710657559997,24.412,24.2475,23.807666666666663,1,22,7,24.45774380467148,24.050569004894434,61.45251396648045,0.301720744413565,0.2315657035441212,24.87403180712029,23.620968192879708,0.0133240183759879,0.0161928318677491,0.0170679567134871,204917903.0,2.465956209152799,0,0,-1,0,0,0.0057049714751426,-0.0180143269065037,0.1429039387530728,0.2570532368636755,0.0377436748237245,0.1031746031746032,0.2087683406475364,0.0147881694644284,0.0
2025-07-23,25.85,25.02,0.0256013982387884,0.0318235458128375,0.0230309568828288,0.663989416239361,0.0326350959156731,24.584,24.345,23.886666666666667,2,23,7,24.71088129473121,24.16666132715931,66.25916870415651,0.3954693747064866,0.2643464377765943,25.276518285306143,23.41348171469386,0.0161713906435027,0.0133290677595738,0.0179704106531176,206651738.0,3.231283859350931,0,0,-1,0,0,0.0119904076738609,2.4813562145195363,0.2347016400132547,0.2115923910009684,0.0602953240360952,0.0815899581589958,0.688905004419606,0.0234042553191489,0.0
2025-07-24,25.84,25.85,0.0113883029354583,0.0050144753096874,0.0131774942516815,-0.2664515987716174,-0.000386922040037,24.702,24.441,23.953666666666667,3,24,7,24.91617560478008,24.27461866089097,72.26666666666662,0.463614661976365,0.3042000826165484,25.564132836529694,23.3178671634703,0.0154037786687315,0.0133472126433595,0.0178482495908929,205323459.0,2.49124583397043,0,0,-1,0,0,-0.009284332688588,1.1395574504064223,0.2509050056690765,0.2118804321013578,0.0499796830556684,0.080267558528428,0.996692247899434,0.0154798761609906,0.0
2025-07-25,26.16,25.84,0.0058400010247191,0.0070929081032016,0.0028291321733546,-0.368365245579984,0.0123078476745967,24.915,24.545,24.038333333333338,4,25,7,25.142325494820064,24.39625616663994,81.01604278074865,0.537248551866135,0.3508097764664658,25.89056581722754,23.199434182772464,0.0111992416141759,0.0134688630705222,0.0177898532994814,206242448.0,2.400477151430045,0,0,-1,0,0,-0.003095975232198,-0.0936196106390426,0.2336418397507015,0.2138115727643013,0.0634146341463413,0.0863787375415283,0.499474445616371,0.0195909785932721,0.0
2025-07-28,25.66,26.16,0.0003881234281207,-0.0134617417508983,-0.0049219810688421,0.7114986538067287,-0.0192981674015075,25.077,24.621,24.106333333333332,0,28,7,25.236448132125503,24.47778802685672,69.75,0.5489303909322949,0.3904338993596316,26.03995291271105,23.20204708728895,0.014107161758712,0.0144470719341409,0.0182579324651212,204370429.0,1.464460153247627,0,0,-1,0,0,-0.0149082568807339,2.2150302864880453,0.3160686312122672,0.2293401570647878,0.0456397718011409,0.0629660314830158,-0.4376960091175779,0.0112431800467653,0.0
2025-07-29,28.02,25.66,0.0957686769996531,0.0968051455666377,0.0834873343623939,0.5475997898378858,0.0879851817213704,25.468,24.823,24.282,1,29,7,25.742548471739045,24.70631783157565,80.82408874801901,0.740089320218523,0.4603649835314098,26.869307071690123,22.77669292830988,0.030307806402874,0.0243569278542364,0.023091035974256,207607333.0,3.124653229448576,0,0,-1,0,0,0.1052221356196414,3.3684074123492707,0.677785539821861,0.3866542428231098,0.119904076738609,0.1684737281067556,1.2164071315854537,0.0246252676659528,0.0
2025-07-30,26.81,28.02,-0.030793696991401,-0.0332315137928687,-0.0391198536864541,-0.3324270500298707,-0.044143588660993,25.711,24.9535,24.41433333333333,2,30,7,25.93663056778649,24.84203926179657,65.37911301859799,0.7848994292579476,0.5252718726767175,27.159208145046083,22.747791854953917,0.0355913008288088,0.0269134300077236,0.0248570932474576,205285887.0,1.683359608722134,0,0,-1,0,0,-0.0185581727337615,1.6513577118409752,0.8131387461990681,0.4272374563690794,0.0371373307543518,0.1078512396694215,1.3239709579538208,0.030775829914211,0.0
2025-07-31,26.2,26.81,-0.0385518459857159,-0.035510322171238,-0.0208183143120556,-0.3312174544514246,-0.0230155414808167,25.87,25.0375,24.550666666666665,3,31,7,25.98451591909804,24.92964963200325,65.5667144906743,0.7624013730437298,0.5726977727501199,27.300901027347187,22.774098972652816,0.0370823234418485,0.0275623087768291,0.0244298311661364,203618975.0,1.0272152269564916,0,0,-1,0,0,-0.0130548302872061,0.6096726891619256,0.8431985817064347,0.4375380874935761,0.0139318885448915,0.068515497553018,1.527991038016897,0.0158396946564885,0.0
2025-08-01,26.46,26.2,0.0067796869853787,0.0048826388081996,0.0040080213975388,0.0665698946784605,0.0098747479197584,26.056,25.152,24.697333333333336,4,1,8,26.07096757017112,25.028381913809493,66.7590027700831,0.756827096829813,0.6095236375660585,27.461837998435676,22.84216200156433,0.0370005626964968,0.0272626364166232,0.0243897811301565,205400630.0,1.1325469586056145,0,0,-1,0,0,0.016793893129771,0.7097198607721573,0.8418117312113748,0.4327809362541493,0.0114678899082569,0.0947455523376086,1.5808439873714428,0.0166288737717309,0.0
2025-08-04,26.72,26.46,-0.008292546578009,0.0011233852520121,0.0064553100565465,-0.7281377163362833,0.0097781899816352,26.274,25.296,24.844999999999995,0,4,8,26.188973466503644,25.13751856453146,67.61133603238866,0.7645757169262595,0.6405340534380988,27.62049111580112,22.971508884198883,0.0368221071125085,0.026926014655522,0.0243865786353695,206260826.0,1.2252144052692844,0,0,-1,0,0,-0.00151171579743,-0.6256242334983999,0.8178492252611458,0.4274372314595517,0.0413094310210444,0.1208053691275168,1.1946866888434555,0.0112275449101795,0.0
2025-08-05,26.37,26.72,0.0060377541909199,-0.0028108329196993,-0.004172204041978,-0.0337028997663223,-0.0131853483032496,26.409,25.4105,24.968,1,5,8,26.221887381684795,25.21703349585201,63.28437917222965,0.7340132316237487,0.6592298890752287,27.708237789095676,23.112762210904325,0.0372411925972034,0.0272407236330272,0.0245432057474064,205429138.0,0.8351692734945485,0,0,-1,0,0,-0.0052395209580838,-0.6309309152029128,0.359037779831404,0.4324330815985809,-0.0588865096359743,0.0950996677740865,-0.4145228099549576,0.0127038301099734,0.0
2025-08-06,26.2,26.37,-0.0064163269760583,-0.0081017871325477,-0.0055264552280302,-0.0348224965400411,-0.0064675895981442,26.444,25.514000000000003,25.044666666666668,2,6,8,26.217907857742105,25.28045068966801,60.69986541049798,0.6881421877927352,0.6650123488187301,27.754652160718614,23.273347839281392,0.0361044081649197,0.0273535836262234,0.0228464140231404,204625913.0,0.612321726706555,0,0,-1,0,0,0.0015168752370117,-0.6076548308381391,0.2278656354519286,0.4342246784483742,-0.0227527042148452,0.0857853294653958,-0.1069729044980446,0.0101145038167939,0.0
2025-08-07,26.61,26.2,0.0037792939918934,0.0081017871325477,0.0079939519720594,0.1026764723758986,0.0155276742225466,26.521000000000004,25.6115,25.13433333333333,3,7,8,26.289197338152636,25.366228064528144,62.83524904214557,0.6770678122807716,0.6674234415111384,27.86535073994808,23.35764926005192,0.0363462422027862,0.0271768723991169,0.0229508668925482,205515993.0,0.8860391527284547,0,0,-1,0,0,0.0118320610687023,-0.4770905717970013,0.1948742774575447,0.4314194746835918,0.0156488549618321,0.0790754257907542,-0.596917556254069,0.0101465614430665,0.0
2025-08-08,26.84,26.61,0.0078903283675107,0.0102679890277815,0.0099972538759579,0.2157932170102951,0.0086062271138832,26.589,25.752,25.226333333333336,4,8,8,26.38934327667033,25.46131012488117,64.375,0.6790230130929871,0.6697433558275081,27.940126812467263,23.56387318753273,0.0362639930714121,0.0262704696876937,0.0229621011240247,206620445.0,0.994457902349092,0,0,-1,0,0,0.0041337842916196,-0.2103183880476631,0.1922738038718543,0.4170307777109897,0.0143613000755857,0.116937161880982,-0.5495210528563311,0.0104321907600596,0.0
2025-08-11,26.68,26.84,-0.001123385252012,-0.005587647244266,-0.0039492293923301,-0.6120433191811593,-0.005979091056058,26.690999999999995,25.884,25.311,0,11,8,26.442189953639364,25.53993527811464,60.80729166666666,0.6600531788222952,0.6678053204264656,27.952525027536133,23.81547497246386,0.0355995898860471,0.0263785481044747,0.0230313802945007,206021565.0,0.7696305235892027,0,0,-1,0,0,-0.0055886736214604,-0.9618617795626256,0.1891623925219087,0.4187464693883674,-0.0014970059880239,0.1098169717138104,0.5330564558387434,0.0088080959520239,0.0
2025-08-12,26.99,26.68,0.0067214592109669,0.0104051477602293,0.0103103359680095,0.7147741002958818,0.0115522059824902,26.588,26.028,25.41133333333333,1,12,8,26.541791780250385,25.63348784081692,57.96089385474858,0.6623981442361746,0.6667238851884074,27.973884726413843,24.082115273586155,0.018716510589206,0.0264046550515188,0.0229931354737119,207245511.0,0.9887533284388444,0,0,-1,0,0,0.0071214392803598,-0.078854621667776,0.1629003013622326,0.4191609043245861,0.0235115661736822,0.1194525093322271,-0.3441478901653277,0.008892182289737,0.0
2025-08-13,27.29,26.99,0.0044560044025134,0.0115778193033908,0.0065062038227382,-0.942843099971472,0.0110539076903337,26.636000000000003,26.1735,25.514333333333333,2,13,8,26.67782963838668,25.740359593022283,59.73154362416108,0.6806182949822457,0.6695027671471752,28.033836981377327,24.313163018622674,0.0129325333144016,0.0264037935748348,0.0230103433695736,207722261.0,1.2003201690624696,0,0,-1,0,0,0.0,-1.1409580406847215,0.1319618608312711,0.4191472288061885,0.0416030534351143,0.1193601312551271,-1.720965395096614,0.0139245144741663,0.0
2025-08-14,27.23,27.29,-0.0018542560476952,-0.0038443983274947,-0.0033407603454002,0.2639506783930588,-0.0022010280345787,26.739,26.3045,25.604666666666667,3,14,8,26.77822424958909,25.836465425730527,57.440890125173865,0.6823506832307906,0.6720723503638983,28.067720438816146,24.541279561183856,0.0098546945572011,0.0264516806669099,0.0229755087456707,207101502.0,1.0497836567972123,0,0,-1,0,0,-0.0128252106998899,-0.8999902810317351,0.1294083156073061,0.4199074128260328,0.0232995114618563,0.1064607882974402,-0.6449251566584213,0.0134043334557474,0.0
2025-08-15,27.47,27.23,0.0132745312086961,0.0082199750442371,0.0142134372500554,0.1028764378497452,0.0087751934215141,26.84,26.448,25.71466666666667,4,15,8,26.90400165875471,25.941854753102756,63.05916305916306,0.6950771904542279,0.6766733183819643,28.09012442636008,24.80587557363992,0.0097854121847883,0.0264256041335065,0.0227364172936379,207789523.0,1.2447290638814197,0,0,-1,0,0,0.0025706940874036,-0.7872158359654565,0.1297454196945103,0.4194934606913922,0.023472429210134,0.1166666666666664,-0.6542524731623421,0.0074626865671641,0.0
2025-08-18,27.45,27.47,0.0010982977490625,0.0019990919878851,0.0018201899560597,-0.0469972051645116,-0.0007283321516428,26.913,26.5935,25.835,0,18,8,27.00327408443567,26.03915444645096,43.7908496732026,0.6955315514930547,0.6804449650041825,28.026116671124974,25.16088332887502,0.0096307175505727,0.0264000979547703,0.0225014441727393,207133089.0,1.195714132416768,0,0,-1,0,0,-0.0050964688751365,-0.8189888338713048,0.105825475589185,0.4190885626564041,0.0288605697151425,0.1185819070904645,-0.5273707041039803,0.0076612021857923,0.0
2025-08-19,27.57,27.45,0.0130863372428939,0.0106547283349623,0.0063937833961001,0.6599382128004433,0.0043620570801658,27.033,26.721,25.95133333333333,1,19,8,27.106315159992818,26.13791867571219,60.8571428571429,0.6975338964494817,0.6838627512932425,28.01074742532094,25.431252574679053,0.0078599193565334,0.026205440592473,0.0224807945819568,208403074.0,1.3165368402092157,0,0,-1,0,0,0.0087431693989071,0.0373227916706896,0.0919958548973148,0.4159984728273644,0.021489440533531,0.1019184652278177,0.0366315872390223,0.0119695321001088,0.0
2025-08-20,27.76,27.57,0.0,0.0001796138307477,0.0061616722672793,-0.3185148557557737,0.0068679106028985,27.189,26.8165,26.072333333333333,2,20,8,27.22516694908503,26.24256908373076,75.32467532467538,0.706310276156664,0.6883522562659269,28.117500020254003,25.515499979745996,0.0068672327469001,0.0253736212684037,0.0224781655226623,209326643.0,1.450422729149224,0,0,-1,0,0,0.0043525571273123,-0.4097095776309879,0.0756437529614551,0.4027937504240131,0.0172224257969952,0.0738878143133461,-0.1997220048028091,0.0059438040345821,0.0
2025-08-21,27.44,27.76,-0.0047058910374127,-0.0093829631010631,-0.0098040000966208,-0.6163671364855052,-0.0115943327809192,27.272,26.8965,26.165000000000003,3,21,8,27.26422750379684,26.319822691232,65.6050955414013,0.679610171640558,0.6866038393408531,28.14018340871861,25.652816591281383,0.00785270950558,0.0255932537906827,0.0224341161852141,208828006.0,0.8740166447343435,0,0,-1,0,0,-0.0072046109510087,-0.9469666494217304,0.1293219012803484,0.4062803086266458,0.0077120822622107,0.0619195046439629,-1.3113447337413011,0.006377551020408,0.0
2025-08-22,28.34,27.44,0.0043446846040111,0.0282413764556044,0.0099846522513889,0.5162680633234186,0.0322724314048499,27.422000000000004,27.0055,26.308666666666667,4,22,8,27.4598225031065,26.45015671115252,71.42857142857146,0.7227413128699247,0.6938313340466675,28.355018042649927,25.655981957350075,0.0122371842959745,0.0263695369660102,0.0223306962519937,209663603.0,1.977743102092302,0,0,-1,0,0,0.0087463556851311,-0.4590038257526918,0.2600522556546999,0.4186034219999272,0.0316709137240627,0.0833333333333332,1.174283134128407,0.0243472124206069,0.0
2025-08-25,27.6,28.34,0.0171924005403727,-0.0060102708766921,-0.0034379840250746,-0.1579878290171911,-0.02645846153943,27.514,27.1025,26.42733333333333,0,25,8,27.485309320723506,26.52434014914268,64.74820143884894,0.689265810267635,0.6929182292908611,28.316937274957446,25.888062725042552,0.0155486587764716,0.0267408242446848,0.0230623717828671,208950120.0,0.8193095028599705,0,0,-1,0,0,-0.0063514467184191,-0.5618479784801117,0.3503924567369048,0.4244974248259371,0.0054644808743169,0.0756040530007795,0.3424652994284244,0.0222826086956521,0.0
2025-08-26,27.81,27.6,-0.0085592533956698,-0.0089047783429597,0.0059636934680492,-0.3055344329067837,0.0075798955227691,27.596000000000004,27.092,26.550666666666665,1,26,8,27.544343989682865,26.607285945972183,69.12114014251785,0.6719358203625099,0.6887217475051909,28.27629370471037,25.90770629528964,0.0153667557215392,0.0170158166802636,0.0230646019029754,209475764.0,1.212537054185545,0,0,-1,0,0,0.0115942028985507,-0.912642208093949,0.3529335766171959,0.2701177157438535,0.0087051142546246,-0.0074946466809422,0.19794286972087,0.0071916576770945,0.0
2025-08-27,27.69,27.81,-0.0140669587396558,-0.0073615558232435,-0.0106875394616076,-0.0187403050917321,-0.0043243310630028,27.636000000000003,27.136,26.661,2,27,8,27.570826900649617,26.67713846558688,63.77551020408169,0.641128155105072,0.6792030290251672,28.34138091820136,25.93061908179864,0.0152471093544438,0.0137610188376652,0.0230952103986975,208959879.0,0.919211498431003,0,0,-1,0,0,-0.0100683207479323,-0.9703768375610328,0.3519783039467778,0.2184494017880248,-0.0025216138328529,0.0328235732935473,0.6931532069728957,0.0104730949801373,0.0
2025-08-28,27.58,27.69,0.0029017067875469,-0.0048776178358015,-0.0014579918748241,-0.1221659364922659,-0.0039804648177148,27.671,27.205,26.76,3,28,8,27.57249473689514,26.735387596839345,59.73684210526316,0.6009098628936336,0.6635443957988605,28.34076313323071,26.06923686676929,0.0153059095736695,0.0125955892666449,0.0231262096417112,208503320.0,0.6603489566231988,0,0,-1,0,0,-0.002889129649693,-1.0835605339872665,0.3407150122905689,0.1999487808951413,0.0051020408163264,0.0526717557251907,0.4688962765275987,0.007070340826686,0.0
2025-08-29,27.58,27.58,-0.0061762230843784,0.0010751190634811,0.0009114940016728,0.8035056007241042,0.0,27.682,27.261000000000003,26.85933333333333,4,29,8,27.57385933018693,26.789878719623907,62.362637362637365,0.5625518292477061,0.6433458824886297,28.35164732109722,26.170352678902784,0.0150826066985292,0.0124887795365206,0.0231236242718259,208503320.0,0.5849737010843679,0,0,-1,0,0,-0.0050761421319795,0.9954265821002378,0.1993117918127547,0.1982532289940764,-0.0268172194777699,0.0423280423280423,-1.3895900658252418,0.0072407541696881,0.0
2025-09-02,27.06,27.58,-0.0139451801150426,-0.0116341103029549,-0.0183042606124953,-0.5461692305996787,-0.0190342496225138,27.643,27.278,26.94333333333333,1,2,9,27.480430361062037,26.80730589900301,50.909090909090914,0.4846069102459367,0.6115980880400911,28.343449744457192,26.212550255542805,0.0162878501207782,0.0131878820684121,0.0234745247108177,207912770.0,-0.4092168610187476,0,0,-1,0,0,-0.0188542422044959,-0.6931686009746877,0.1529784369168922,0.2093511376359992,-0.0195652173913044,0.0127245508982036,-0.8162899243696548,0.0139578713968958,0.0
2025-09-03,27.15,27.06,0.0011080333543618,-0.0055056112643328,0.0028797902868637,0.0758472089523375,0.0033204236373025,27.601,27.317,27.014333333333333,2,3,9,27.42035211359621,26.829415195841527,48.076923076923066,0.4251958550708075,0.5743176414462344,28.296110229838504,26.33788977016149,0.0162506296667015,0.0127877339397118,0.0232783965044711,208549854.0,-0.3411260446692357,0,0,-1,0,0,0.0011086474501109,-0.4641704193110687,0.1345840409300285,0.2029989830192264,-0.023732470334412,0.029579067121729,-1.4769044243367375,0.0055248618784531,0.0
2025-09-04,27.73,27.15,0.0117432542176906,0.0209422203396081,0.0119563642666831,-0.0180304920058758,0.0211378132477423,27.598000000000003,27.3935,27.077,3,4,9,27.47665172930599,26.887517441271108,56.009615384615394,0.4200710015282354,0.5434683134626347,28.23448375981921,26.552516240180797,0.017656131171816,0.0133725986593064,0.022846046177265,209175554.0,0.8002532654669606,0,0,-1,0,0,0.0095764272559853,-0.4718706412652528,0.229769634026576,0.2122834226112032,0.0014445648248464,0.0583969465648854,0.2864438777647405,0.0144248106743599,0.0
2025-09-05,27.93,27.73,0.0126882253239094,0.0091488663973393,0.0147021433937075,-0.0269099083546735,0.0071865203293985,27.647,27.4595,27.146666666666665,4,5,9,27.55907868761399,26.954774380543935,55.58252427184468,0.4272230849176388,0.5202192677536356,28.247073889643406,26.6719261103566,0.0172835447348655,0.0130800260492134,0.0228540464085134,209784641.0,1.194808528284321,0,0,-1,0,0,0.001081860800577,-0.4836262958154423,0.2301650337102831,0.2076389764107925,0.0126903553299493,0.0496054114994364,-0.4391494488858041,0.0089509488005728,0.0
2025-09-08,27.86,27.93,-0.00397040767026,-0.0028648139493375,-0.0036101122240997,0.5480554400748906,-0.0025094116054258,27.599,27.5105,27.20333333333333,0,8,9,27.613791653502357,27.013176033412076,54.91606714628298,0.4223738843262268,0.5006501910681539,28.26036244357189,26.760637556428115,0.0134532588775074,0.0130421710202957,0.0228012973974171,208730990.0,0.9321709681450228,0,0,-1,0,0,-0.0100250626566416,1.3319078350249614,0.2326296169997873,0.2070380464564558,0.0101522842639594,0.0380029806259314,-0.269602718539668,0.0096877243359655,0.0
2025-09-09,28.14,27.86,0.0111491893972658,0.010514055195237,0.009359319579887,-0.7727981527557182,0.0100000833345833,27.653,27.583500000000004,27.286,1,9,9,27.709465898320108,27.085874353837102,56.58198614318708,0.4360974578306589,0.4877396444206549,28.274929488025464,26.892070511974545,0.010723105499014,0.0130225751587591,0.0224742123664469,209217481.0,1.6097086098807083,0,0,-1,0,0,0.0035893754486719,-0.9410622100543722,0.1409963514680348,0.2067269717983444,0.0399113082039912,0.0547226386806596,0.7358868833095312,0.0108386638237384,0.0
2025-09-10,28.27,28.14,0.0163182053033449,0.0091727579121424,0.011223062487495,0.4200707692241859,0.0046091200192559,27.699,27.6475,27.29433333333333,2,10,9,27.811381189534632,27.16226955681536,55.971896955503496,0.4522501441052924,0.4806417443575824,28.344557726270377,26.950442273729625,0.010589956634347,0.0128647117159133,0.0150119166275396,209957954.0,1.7860787608816835,0,0,-1,0,0,0.0099502487562189,0.1966757296414758,0.1386378772198578,0.2042209673330752,0.0412523020257826,0.0474249722119304,0.663459686899227,0.0088432967810399,0.0
2025-09-11,28.62,28.27,-0.0049382816405825,0.0063014386704548,0.0019467309926462,0.0807616360557575,0.0123046024228059,27.792,27.714,27.35466666666667,3,11,9,27.958402791437425,27.25631668218211,63.72093023255815,0.487671762763707,0.4820477480388074,28.513668352351896,26.9143316476481,0.0108505118003391,0.0129128621760704,0.012697852121393,210760710.0,2.265939366827196,0,0,-1,0,0,0.0003537318712416,0.4154460687413125,0.0912718956035379,0.2049853321916079,0.0320952037504507,0.0487358006595823,-0.9420192344334803,0.0131027253668763,0.0
2025-09-12,28.2,28.62,0.0028248606355546,-0.0099956991829407,-0.0060294561099315,-0.4902430475049146,-0.0147837961842369,27.854,27.7625,27.421333333333333,4,12,9,28.00232955663062,27.31719947688004,48.1675392670157,0.4763619567238457,0.4809105897758151,28.556208815800534,26.96879118419946,0.0121091560258015,0.0134404157440934,0.0122260973074043,210269040.0,1.1024194044228564,0,0,-1,0,0,-0.0090845562543676,-0.9805056474358058,0.1734952344617592,0.2133599854571298,0.0096670247046186,0.035622475211164,-0.9678576925914372,0.0092198581560284,0.0
2025-09-15,28.17,28.2,-0.0014114328384077,0.0001762269808068,0.0005334756061437,-0.1548139460919325,-0.0010643960557865,27.913,27.797500000000003,27.47833333333333,0,15,9,28.032815091788688,27.372218865468422,59.16398713826367,0.4596792088951993,0.4766643135996919,28.598601215804653,26.996398784195357,0.0121361685656653,0.0133517541062572,0.0121612878982252,209847888.0,0.9299698780904952,0,0,-1,0,0,0.0042553191489362,-1.19126636557723,0.1714386490676251,0.2119525255898527,0.0111270638908831,0.0254823443756826,-1.1162379284263595,0.0088746893858714,0.0
2025-09-16,28.06,28.17,-0.0085106896679087,-0.0079611212158674,-0.006241660923476,0.294267220966311,-0.0039125072139664,28.013,27.828,27.523000000000003,1,16,9,28.03775780237256,27.41659184188982,54.15282392026577,0.4325952416916081,0.4678504992180752,28.619789445739663,27.03621055426033,0.0099869942937537,0.0133965162043659,0.0121211783946841,209282642.0,0.5860143785656945,0,0,-1,0,0,-0.0031948881789138,-0.5375752815379875,0.159726498385603,0.2126631018683961,-0.0028429282160625,0.0222222222222221,-0.2379814254164111,0.007127583749109,0.0
2025-09-17,27.92,28.06,-0.0042826617920007,0.0077848942350607,-0.0028663581072512,0.0127307398918021,-0.005001796780143,28.09,27.845500000000005,27.574666666666666,2,17,9,28.01634729285028,27.44906978757435,53.7953795379538,0.3952776577948782,0.4533359309334359,28.628704618061683,27.062295381938327,0.0103590038074095,0.0134427538898568,0.0118674617209933,208710154.0,0.1902440263551405,0,0,-1,0,0,-0.0035637918745544,-0.4384034639421215,0.1547021991174729,0.213397102370445,-0.0123806154934559,0.0126949582879942,0.6386730618427306,0.0179083094555873,0.0
2025-09-18,28.27,27.92,0.0007150518717255,-0.0028238635072842,0.0017924364003149,0.4948780163223752,0.0124578938113272,28.144,27.871,27.643666666666665,3,18,9,28.062465966877497,27.502033027085684,60.55045871559635,0.3894558737413724,0.4405599194950232,28.675406286495285,27.06659371350472,0.00887603870782,0.0136370560477666,0.0119090083013774,209649205.0,0.99203600642755,0,0,-1,0,0,0.0021489971346704,1.512712069897962,0.1556406492827446,0.21648155350464,-0.0122292103424179,0.0183717579250719,0.6571130895279922,0.013088079235939,0.0
2025-09-19,28.09,28.27,0.007122537233199,-0.0026546338923723,0.0025040256331902,-0.1305245189096513,-0.0063875305893466,28.160000000000004,27.9035,27.693,4,19,9,28.067472154717947,27.53996638017693,57.391304347826114,0.3660974289844461,0.4256674213929078,28.686833631996144,27.12016636800385,0.0090217749074906,0.0134349077237228,0.0117549265384596,208825061.0,0.4761700312158178,0,0,-1,0,0,-0.0031835868411743,0.814704247821561,0.1219573060816771,0.2132725483444295,-0.0039007092198581,0.0236880466472302,1.8982886373931145,0.0080099679601282,0.0
2025-09-22,28.05,28.09,-0.0053371412938371,-0.002839398535861,-0.0030414192869651,-0.5388751700749502,-0.0014250091474469,28.178999999999995,27.889,27.73333333333333,0,22,9,28.064295399314684,27.572871775004227,66.66666666666671,0.3404337195140989,0.4086206810171461,28.648692458596145,27.12930754140385,0.0089866878871878,0.0111995360326471,0.0116985326453896,208344252.0,0.4238557278757696,0,0,-1,0,0,-0.0021359914560341,-0.9189596086444148,0.1220410050612496,0.1777871228501474,-0.0042598509052182,-0.0102328863796753,1.9409910317995336,0.0081996434937611,0.0
2025-09-23,27.8,28.05,-0.0050071635372993,-0.00160071176909,-0.0052097486017931,0.0596736884464004,-0.0089526112721139,28.145,27.899,27.770666666666667,1,23,9,28.016241690348377,27.58752520887492,60.383386581469686,0.2965042181397344,0.3861973884416637,28.647862997845795,27.150137002154207,0.0087969504490441,0.0096834824300216,0.0117759178163039,207833878.0,-0.2644008324213829,0,0,-1,0,0,-0.0057040998217468,-0.699987445180592,0.1345294787249522,0.153720518009404,-0.0092658588738416,0.0072463768115942,1.701825923633649,0.0118705035971222,0.0
2025-09-24,27.4,27.8,-0.0159020336838579,-0.0197741478156435,-0.0159771009360144,-0.1379552935785114,-0.0144930073025668,28.058,27.878499999999995,27.784333333333333,2,24,9,27.90419774664867,27.575426808302343,44.40677966101692,0.2267987202750383,0.3543176548083386,28.65938411436583,27.09761588563416,0.0094349825610683,0.0100640372252218,0.011956526382177,207389272.0,-1.2255339587451894,0,0,-1,0,0,-0.012589928057554,-1.0062852604644963,0.1621436843057513,0.1597616380994007,-0.0186246418338109,-0.0147428982380438,1.1433256869602777,0.0080291970802919,0.0
2025-09-25,26.56,27.4,-0.0325834081838174,-0.0306014661786391,-0.0317959293926384,0.5751266873933164,-0.0311366887857914,27.852,27.822000000000003,27.76,3,25,9,27.65979815634891,27.5099154013151,30.919220055710294,0.1025930029135224,0.3039727244293754,28.799162379473557,26.84483762052645,0.0112414251691587,0.0120838466169689,0.0130670518990338,206599049.0,-2.5829893301457414,0,0,-1,0,0,-0.0302919708029196,0.7066681583952641,0.1785946385057117,0.191825118177294,-0.0604881499823134,-0.0408089563019141,-1.341622797955441,0.0092243975903614,0.0
2025-09-26,26.82,26.56,0.0104830611831516,0.009687110029769,0.0118322349530757,-0.3183417436863178,0.0097415532452993,27.714,27.784,27.74633333333333,4,26,9,27.50710758246729,27.46540473026252,36.24338624338626,0.0248524209019258,0.2481486637238855,28.855357230739788,26.71264276926021,0.0121072365848427,0.0123550652363393,0.0132060200568696,207173821.0,-1.7995864914905026,0,0,-1,0,0,0.0109186746987952,-0.4444630775626448,0.2392294402133913,0.1961305802839996,-0.0452118191527233,-0.0275562001450325,-0.355839315673203,0.0070842654735271,0.0
2025-09-29,26.91,26.82,0.0014886493258996,0.0031466939430601,0.0040991300177468,0.1183836731850651,0.003350086885282,27.588,27.7505,27.727666666666664,0,29,9,27.398542567473235,27.42957216701977,32.869080779944284,-0.0291591737898038,0.1926870962211476,28.888540328609952,26.612459671390045,0.012342751923971,0.0123966974566555,0.0131116644243174,207820828.0,-1.4771005541194089,0,0,-1,0,0,0.0026099925428784,0.039191250917045,0.2510301669496869,0.1967914712929051,-0.0406417112299465,-0.0242929659173313,-0.4541664411511235,0.0061315496098104,0.0
2025-09-30,27.26,26.91,0.0025998157633328,0.0075485951736881,-0.0009301460999885,0.1834100816671767,0.0129224615295721,27.508,27.7605,27.721333333333337,1,30,9,27.37335300975083,27.41863202721205,36.74540682414703,-0.043223424060649,0.1455049921647883,28.87629049158953,26.644709508410475,0.0135338418001593,0.0120447455820068,0.0133448563172141,208598082.0,-0.8971218230888485,0,0,-1,0,0,0.0018580453363062,0.7429962010177192,0.2918201737385457,0.1912044084902041,-0.0194244604316546,0.0073909830007392,-0.8734065343750996,0.0144900953778431,0.0
2025-10-01,27.64,27.26,0.0205587270210365,0.0142053016999571,0.0156960105394623,-0.0869044795428916,0.0138435726310824,27.48,27.785000000000004,27.723666666666663,2,1,10,27.42183428070522,27.43291383190805,37.23958333333332,-0.0234364586140429,0.111716702009022,28.86530210202883,26.704697897971176,0.0144847695015602,0.0124070843998227,0.0135689912650861,209310641.0,-0.2684434284219026,0,0,-1,0,0,0.0095377842993396,0.3430902327242507,0.2962009369823628,0.1969563589039202,0.0087591240875912,0.0180478821362799,-1.9783685807926148,0.0130246020260491,0.0
2025-10-02,27.77,27.64,0.0076018465625437,0.0054102927282477,0.006756165569438,-0.6385637179654083,0.004692302419239,27.43,27.787,27.724,3,2,10,27.485137138758816,27.454661326623658,43.94366197183098,0.0027036021616666,0.089914082039551,28.86702144231419,26.706978557685808,0.0138757442330943,0.0114912183651442,0.0135374783139459,209686908.0,-0.0314808564607256,0,0,-1,0,0,0.0032561505065122,-1.4464950942327934,0.0758771373855653,0.1824174363318586,0.0455572289156627,0.001442481067436,-0.2385669713076405,0.0117032769175368,0.0
2025-10-03,28.0,27.77,0.001801477698511,0.0096012422202946,0.0110398370365127,0.9983367587948628,0.0082482088564956,27.421000000000003,27.7905,27.742666666666665,4,3,10,27.578748568075397,27.48984446684149,47.73333333333331,0.0415004748245557,0.0802313605965519,28.872923693708024,26.70807630629197,0.0140992426448689,0.0115283296400805,0.0134334671842243,210708008.0,0.3870942611803404,0,0,-1,0,0,0.0003601008282319,1.784152325534316,0.0755919077837369,0.1830065595577678,0.0439970171513794,0.0025062656641603,0.0722866638939805,0.0102928571428571,0.0
2025-10-06,28.04,28.0,0.0178385037021743,0.0094605267046965,0.0080667283355978,-0.6649803841682835,0.0014275519911853,27.42,27.7995,27.732666666666667,0,6,10,27.66261246478896,27.52533837220655,49.728260869565226,0.0746148283373635,0.0791080541447142,28.887336578315686,26.71166342168432,0.0141012702263688,0.0115134826762921,0.0119978485981887,211233143.0,0.4421620026279447,0,0,-1,0,0,0.01,-0.608029707805741,0.0847861434437047,0.182770871314316,0.0419918246005202,0.0064608758076094,-0.2127059297970085,0.0117689015691869,0.0
2025-10-07,27.83,28.04,-0.0081662090596666,-0.0093963992477914,-0.0073470449652041,-0.2507131311089969,-0.0075174866285899,27.422999999999995,27.784,27.740333333333336,1,7,10,27.69304656210005,27.544993961096456,48.79999999999996,0.0829566742139213,0.0798777781585557,28.8601803801386,26.7078196198614,0.0140075703236778,0.011406063873898,0.0110606866801946,210824459.0,0.0854875276467592,0,0,-1,0,0,0.0003566333808845,-1.2023753937316282,0.1270208743969619,0.1810656506907129,0.0209097578870138,-0.0110163468372423,-0.492552474494945,0.0097017606899029,0.0
2025-10-08,28.25,27.83,-0.0017841217935014,0.0070997813317078,0.0071684894786124,-0.2158030086619167,0.0149788820546506,27.508,27.783,27.755,2,8,10,27.794310823536406,27.59047822167088,49.73821989528796,0.1220512067472512,0.0883124638762948,28.857314469332103,26.708685530667893,0.0136955423835932,0.0118834109466602,0.0113118704031187,211153815.0,0.8693916229022465,0,0,-1,0,0,0.0061085159899389,-1.4434002733620928,0.1327350286626563,0.1886433005522739,0.0220694645441388,-0.0007074637424832,-0.3057072965140511,0.0095575221238937,0.0
2025-10-09,28.03,28.25,0.0071174677688639,-0.0017702252808311,-0.0014295928095944,0.1790314573914339,-0.0078180924157529,27.655,27.753499999999995,27.76633333333333,3,9,10,27.83716340107524,27.61883446543405,49.22279792746116,0.1337400717605774,0.0973979854531513,28.76139044938609,26.7456095506139,0.0082513209082331,0.0116334753206441,0.0113813005532185,210759886.0,0.5486707412862613,0,0,-1,0,0,-0.0017699115044248,-1.0060602911685543,0.1581454624688724,0.1846756954909909,0.0093626215340296,-0.0206149545772187,0.3423802410066201,0.0092757759543345,0.0
2025-10-10,27.33,28.03,-0.0014194466542262,0.0,-0.0233389155179285,0.2266380691924198,-0.0252903652367203,27.706,27.71,27.758,4,10,10,27.74495187360701,27.600199983793143,42.03539823008848,0.085533455212488,0.0950250794050186,28.71182990470625,26.70817009529376,0.0124606486466423,0.0124695660695047,0.0122747237939824,210265751.0,-0.7586118126737812,0,0,-1,0,0,0.0046378879771672,-0.4934511097952694,0.2324376074612712,0.1979482246607919,-0.0239285714285715,-0.0308510638297873,-0.037492421959633,0.0331137943651664,0.0
2025-10-13,27.5,27.33,-0.0233529563533584,-0.0213097865867509,0.0045658010100034,-0.2221372479274526,0.0062010047325489,27.765,27.6765,27.755333333333336,0,13,10,27.70041516931483,27.59373546870972,46.621621621621614,0.0603512518746711,0.0880903138989491,28.65816936231661,26.694830637683385,0.0125291462080662,0.0125885144770763,0.0123311539566987,210661457.0,-0.3595915422754567,0,0,-1,0,0,0.0065861690450056,-0.9851328221366,0.2427186893780889,0.1998364720924822,-0.0192582025677603,-0.0237841675541357,-0.2205430489656731,0.0067272727272726,0.0
2025-10-14,27.15,27.5,-0.0198244377848446,-0.0136676387286637,-0.0202473325769111,0.3945798586941778,-0.0128089582925812,27.754,27.631,27.758333333333333,1,14,10,27.60033968398486,27.56510737395425,47.15261958997724,0.0120136139105753,0.0728749739012744,28.622137570814235,26.639862429185765,0.0127140048746137,0.0128429803600448,0.0120561819855183,210074324.0,-0.9706018905223274,0,0,-1,0,0,-0.0192727272727273,-0.0158124042789171,0.2504759177176189,0.2038759927533934,-0.0244340639597556,-0.0324305060584462,0.061499116785342,0.0132596685082872,0.0
2025-10-15,27.81,27.15,0.022365735213517,0.0214203143569657,0.0242480653181501,-0.1851245064828847,0.024018621865929,27.771,27.6255,27.78033333333333,2,15,10,27.638459741442155,27.580906898215268,64.84560570071255,0.0266549105038258,0.0636309612217846,28.6110903921618,26.6399096078382,0.0143277340353093,0.0140467696483211,0.012828838471255,210562232.0,0.3743948834471013,0,0,-1,0,0,0.0158379373848987,-0.4964915269257901,0.300273818076621,0.2229855552796081,-0.015575221238938,-0.0039398280802293,0.5834113403842232,0.010427903631787,0.0
2025-10-16,28.33,27.81,0.0197457501366098,0.0206192872027358,0.0186988547748675,-0.0205224071688556,0.0185256455965516,27.827,27.628499999999995,27.80033333333333,3,16,10,27.764194333907213,27.629235485427188,66.89038031319906,0.0793037336409412,0.066765515705616,28.62267831719707,26.63432168280292,0.0154046156949855,0.0144017112233485,0.0126906267241119,211040229.0,1.4112156498801331,0,0,-1,0,0,0.0115066522833513,-0.4710100735381387,0.330930664598671,0.2286200781044885,0.0107028184088475,0.0021223912274495,-0.3944818468664218,0.0123543946346629,0.0
2025-10-17,28.52,28.33,0.0028399025121395,0.0047389294478716,0.0042659147522301,-0.1435573394829152,0.00668428170367,27.879,27.65,27.82,4,17,10,27.90161354592408,27.686704163786725,67.61487964989055,0.1348057605017523,0.0803735646648432,28.703055704062457,26.59694429593754,0.0153423468802625,0.0143844046256451,0.0126821369380755,211454304.0,1.6523342433714203,0,0,-1,0,0,-0.00423579244617,-0.7453137502212679,0.2262956385445165,0.2283453443831052,0.0435418953530919,0.0153079387682448,-0.7070208840136892,0.012798036465638,0.0
2025-10-20,28.47,28.52,0.0063604454709749,0.0022737220114787,0.0070696653588585,-0.1553500544275792,-0.0017546942561489,27.922000000000004,27.671,27.840333333333334,0,20,10,28.004956537574245,27.73723937902629,64.16861826697887,0.1727654025094906,0.0988519322337727,28.7732445998796,26.5687554001204,0.0153872358161963,0.0143873417428883,0.0126761616959985,211099808.0,1.4497689534378784,0,0,-1,0,0,-0.0045582047685834,-1.0269244612388997,0.2384248079634111,0.2283919696738876,0.0352727272727271,0.0149732620320854,-0.2075199377567042,0.008078679311556,0.0
2025-10-21,28.39,28.47,-0.0007047216641198,-0.0012236694123702,-0.0028218713610717,0.3781269382739111,-0.0028139308050663,27.978,27.7005,27.848666666666663,1,21,10,28.074964439833472,27.77935296747621,59.44584382871536,0.1941552598943623,0.1179125977658906,28.847936043426035,26.55306395657396,0.0151484116920879,0.0142334598100855,0.0125695629286995,210582404.0,1.201809902957692,0,0,-1,0,0,-0.0035124692658938,-0.1079185641652934,0.1925983073985407,0.2259491697211144,0.0456721915285451,0.0212230215827338,0.3602966667592067,0.0096865093342727,0.0
2025-10-22,28.57,28.39,0.0112163811725135,0.0119970142721091,0.0056358021661378,-0.0283570986193784,0.0063202457578019,28.01,27.759000000000004,27.858666666666668,2,22,10,28.16497090531829,27.83036245344549,59.95024875621889,0.2230600739720358,0.1389420930071197,28.959980301370305,26.558019698629703,0.0145555046347694,0.0137904604847158,0.0125935166771447,211085342.0,1.3505633674002118,0,0,-1,0,0,0.0105671010919338,-0.2075312030517708,0.1370185291732286,0.2189167734457276,0.0273282991729593,0.0427007299270074,0.9089966331769116,0.016100805040252,0.0
2025-10-23,29.01,28.57,-0.0006973500979949,0.0043114665390252,0.0059534408024988,0.5119023138888018,0.0152833818906309,28.108,27.8815,27.87166666666667,3,23,10,28.31861255889679,27.906468101610297,61.93853427895981,0.27826401578249,0.1668064775621938,29.06724471383376,26.69575528616624,0.0148055614797963,0.0117057700725687,0.0127039403137971,211924475.0,1.9034451291818515,0,0,-1,0,0,0.0035001750087504,1.654490362424034,0.1175241812018162,0.1858233390991164,0.0240028238616309,0.0922439759036146,0.5082101413629879,0.0143054119269217,0.0
2025-10-24,28.83,29.01,0.0090278390927652,-0.0012053380710271,0.0066121695578658,-0.5690838860379003,-0.0062240864830019,28.258,27.982000000000006,27.892666666666667,4,24,10,28.411592093642824,27.966050804732216,59.038901601830624,0.30398489308946,0.194242160667647,29.129016266605827,26.834983733394186,0.0116405725533853,0.0118696289118532,0.0124458729877855,211449489.0,1.4786189606697375,0,0,-1,0,0,-0.0027576697690452,-0.3435436562090729,0.1381103115314738,0.1884245175323151,0.0108695652173913,0.0749440715883669,1.009176269440928,0.006590357266736,0.0
2025-10-27,28.89,28.83,0.0079187881524137,0.0090901920857038,-0.0034746386591125,0.3831442069119042,0.0020790028278331,28.397,28.081,27.916666666666668,0,27,10,28.49857534934413,28.02566043023337,62.55924170616112,0.3254586870696805,0.2204854659480537,29.179187981255534,26.98281201874446,0.0116823912943372,0.0118749209387671,0.012442773979167,212146241.0,1.473336102394942,0,0,-1,0,0,0.0114464099895942,0.8646717248627479,0.1338214062230588,0.1885085258551899,0.0147523709167545,0.0735785953177257,0.6957289237497539,0.0192107995846313,0.0
2025-10-28,27.3,28.89,-0.0055020771539834,-0.0090901920857038,-0.094857793458677,1.992755061228911,-0.0566088122872298,28.412,28.083,27.89133333333333,1,28,10,28.280652558554287,27.978843628282828,41.18738404452693,0.2117363468881485,0.2187356421360727,29.175020821117,26.990979178882995,0.021958940289415,0.0174727864981286,0.0160926236129177,207035066.0,-1.4340385913138238,0,0,-1,0,0,0.0038075458636206,4.189145877821278,0.439725101951642,0.277371886712253,-0.038393800634026,0.0014673514306675,-1.804050019513758,0.1058608058608058,0.0
2025-10-29,27.6,27.3,-0.0440599897940305,-0.0402550176757589,0.0503743878216274,-1.5627954453531203,0.0109290705321902,28.391,28.081,27.88066666666667,2,29,10,28.15689754790805,27.954402103877488,46.06946983546619,0.1441563214252603,0.2038197779939102,29.176577713530463,26.985422286469536,0.0207429335152452,0.0173629604358103,0.0162127348480147,208106110.0,-0.8780755469185135,0,0,-1,0,0,0.0164835164835164,0.2851235630840729,0.4500496450297447,0.2756284520220477,-0.0339516975848792,-0.0014471780028942,-1.779804999168143,0.0143115942028985,0.0
2025-10-30,27.27,27.6,-0.021122416754187,-0.0149998294404577,-0.0113450439158921,-0.0763415013148371,-0.0120285758656072,28.285000000000004,28.056,27.84733333333333,3,30,10,27.995643448288405,27.910247129433778,49.41176470588236,0.0632414146218565,0.1757041053194995,29.203067657374746,26.90893234262526,0.0198256939112129,0.0175279988811687,0.0161630179064884,207113788.0,-1.3704509842059298,0,0,-1,0,0,-0.0155797101449275,0.180573095060755,0.4056926310783716,0.2782483561211447,-0.0599793174767322,-0.0180050414115952,-1.606943490616473,0.0106343967730106,0.0
2025-10-31,27.32,27.27,0.0036737734192407,0.0018191745966582,0.0,-0.1442321647146714,0.0018318378450921,28.165,28.022,27.821666666666665,4,31,10,27.87279918496324,27.87216666947031,48.19277108433736,0.0031144487260661,0.1411861740008128,29.21543114372205,26.828568856277958,0.0196021750554471,0.0174118443703037,0.0161396965985605,207972828.0,-1.1764398871150945,0,0,-1,0,0,0.0,0.0601180858125976,0.4168194060823735,0.2764044604247025,-0.0523759972251126,-0.0242857142857142,-1.7315433978718442,0.0124450951683748,0.0
2025-11-03,27.21,27.32,-0.005884533346923,0.0025412974286725,-0.0047961722634931,0.4730351222391307,-0.0040344819074343,28.039,27.9805,27.793666666666663,0,3,11,27.75229024224265,27.8294462391819,50.63291139240509,-0.0528039940552673,0.1023881403895968,29.227804040116094,26.7331959598839,0.0195849592294462,0.0174131731163547,0.0161501663753909,206594191.0,-1.2354646104221405,0,0,-1,0,0,-0.0076866764275256,0.5169211036199395,0.407430796214232,0.2764255536143416,-0.0581516095534787,-0.0296005706134093,-1.657524878531954,0.0198456449834619,0.0
2025-11-04,28.02,27.21,0.0394193144334936,0.0336900233829835,0.0287973243630359,0.6132184074354555,0.0293339881137058,28.002,27.99,27.801,1,4,11,27.80096474365308,27.841740030202427,52.14723926380368,-0.0313976002907239,0.0756309922535326,29.235370374021294,26.744629625978703,0.0223780064606603,0.0186699347494715,0.0170084325090981,209139657.0,0.0481784385204721,0,0,-1,0,0,0.0363836824696802,1.4480049796392402,0.2544695671151611,0.2963760260454278,0.0263736263736262,0.0068271649299318,0.8876459282126622,0.0248037116345467,0.0
2025-11-05,28.07,28.02,0.0014174346809733,-0.0026327351757994,0.0010773928138602,-0.8848533216755434,0.0017828494649301,27.952,27.981,27.82333333333333,2,5,11,27.84988024480706,27.85646647986679,47.05882352941179,-0.0102797977653352,0.0584488342497591,29.22104923504353,26.74095076495647,0.0222561749887329,0.0183573611673219,0.0167781361348589,210190361.0,0.143542687636712,0,0,-1,0,0,0.0078515346181298,0.0625154763107328,0.2499038962296765,0.2914140742567692,0.0170289855072462,-0.0063716814159291,1.5010521439399451,0.0210188813680085,0.0
2025-11-06,28.24,28.07,0.00070796463134,0.0,0.0057265725572013,0.1021493243954702,0.00603802225125,27.875,27.9915,27.87933333333333,3,6,11,27.920811109387596,27.8812105779399,46.818181818181806,0.0199438913672693,0.0507478456732611,29.236841213046045,26.74615878695396,0.0216540483724345,0.0183154545331456,0.0156978887690726,211354067.0,0.3990874105775038,0,0,-1,0,0,0.0067687923049519,0.1315570535418252,0.2092086301749977,0.2907488270628844,0.0355702236890356,0.0074919728861932,1.8218756989702911,0.0152266288951841,0.0
2025-11-07,28.17,28.24,-0.0081720120796844,-0.0085957127345976,-0.004291852081541,-0.513646174017854,-0.00248183073676,27.809,28.0335,27.924333333333333,4,7,11,27.966118180408028,27.89984215355668,46.60633484162899,0.0378120934926151,0.0481606952371319,29.24099022010441,26.82600977989558,0.0216146861570744,0.0173307934918306,0.0156522176277955,210657810.0,0.2260887876809492,0,0,-1,0,0,-0.0074362606232293,-0.3090828260278564,0.2180777532342743,0.275117817616803,0.031112737920937,0.0307354555433589,1.805670209679796,0.0108803691870784,0.0
2025-11-10,28.25,28.17,0.0109988690858374,0.0071887480283542,0.0071428875123802,-0.0462416268211658,0.0028358757041685,27.745,28.071,27.969,0,10,11,28.01773305669748,27.92243298235948,48.41628959276017,0.0577622564854927,0.0500810074868041,29.255085701052614,26.886914298947374,0.0216323126657626,0.0173004333128678,0.015650685795144,211322604.0,0.302342980480004,0,0,-1,0,0,0.0060347887823925,-0.3527458422006109,0.2026541785760289,0.2746358647170334,0.0382212421903711,0.0272727272727273,1.9174274231193376,0.0109734513274335,0.0
2025-11-11,29.33,28.25,0.011577045632744,0.0332325493444322,0.0190347657527447,0.2674193171105603,0.0375174253969095,27.948,28.18,28.038,1,11,11,28.256327046388844,28.013243757691125,57.142857142857125,0.1588883128874876,0.0718424685669408,29.407663591871017,26.952336408128986,0.0154617023313978,0.0187849166230826,0.0169040917219529,212191216.0,1.8734774047462677,0,0,-1,0,0,0.0148672566371682,-0.1771152659722631,0.2613787648843361,0.2982013067025603,0.0467523197715917,0.080294659300184,2.043721090572256,0.0248891919536311,0.0
2025-11-12,29.38,29.33,0.0186598365043711,0.0057715318927048,0.0197067743072047,-0.3202929795806535,0.0017032877563716,28.126,28.2585,28.096,2,12,11,28.460631219772687,28.101421579775568,53.75253549695738,0.2402960401210983,0.1055331828777723,29.583471101994835,26.93352889800516,0.0154945544160156,0.0181710919577155,0.0167676629791735,212821773.0,1.6928671097981003,0,0,-1,0,0,-0.0040913740197748,-0.4073056154410899,0.2615234511027636,0.2884571422236065,0.0466690416815105,0.0564545127651923,2.04390142858095,0.0112321307011571,0.0
2025-11-13,28.92,29.38,-0.0027425454283064,-0.0078165223804327,-0.0103235603713948,0.1394605071003082,-0.0157807734551672,28.291,28.288,28.13433333333333,3,13,11,28.54415281617765,28.154233090757792,50.863723608445326,0.2646434498896433,0.1373552362801465,29.64554577321892,26.93045422678108,0.0160164023822563,0.0182236365827443,0.0170710633603369,212096851.0,0.9310919933129704,0,0,-1,0,0,-0.0085091899251191,-0.3322848709635722,0.3177259216210114,0.289291262286963,0.0240793201133144,0.0208259795270033,1.442738664229784,0.0138312586445366,0.0
2025-11-14,28.67,28.92,-0.0194113547286615,-0.0161654423060526,-0.0128809439795643,-0.2129029889492919,-0.0086821173952854,28.426,28.295500000000004,28.156666666666663,4,14,11,28.567034122327165,28.18750837522504,47.962962962962976,0.2607601561198187,0.1620362202480809,29.660081678743897,26.93091832125611,0.0166498794193681,0.018302197746911,0.0171186774666024,211510944.0,0.5488861617206049,0,0,-1,0,0,-0.0121023513139696,-0.4734722793339969,0.3295753173075504,0.2905383821055195,0.017749378771743,0.0052594670406733,1.492580920540228,0.0104638995465643,0.0
2025-11-17,27.98,28.67,-0.01445468495284,-0.0190782018222611,-0.0216052320916049,0.0141575428861148,-0.0243613106579433,28.503000000000004,28.271000000000004,28.154666666666667,0,17,11,28.460300645540407,28.174120738113743,57.55555555555557,0.1997033287375345,0.1695696419459716,29.639978105266977,26.902021894733032,0.018904800668714,0.0191043794987963,0.0177155909941096,210916683.0,-0.4251346298095162,0,0,-1,0,0,-0.0177886292291594,-0.4802735409018384,0.3847158852433179,0.303272622636096,-0.0095575221238938,-0.0172110994028801,1.445139572974807,0.0130450321658328,0.0
2025-11-18,27.49,27.98,-0.0251721309500165,-0.024144962613341,-0.0246478588478322,0.0545700636150955,-0.0176676670601808,28.45,28.226,28.14333333333333,1,18,11,28.28388234635124,28.12998391629996,48.82729211087416,0.110502642569223,0.1577562420706219,29.637030232085145,26.814969767914853,0.0172974177759808,0.0194695256342624,0.0179561773734045,210289092.0,-1.043209398727592,0,0,-1,0,0,-0.0185847033595425,-0.455039325665386,0.1557327628223678,0.3090691378359327,-0.0627344016365496,-0.0317013032758014,0.7086710589460694,0.0134594397962895,0.0
2025-11-19,27.06,27.49,-0.0054774648542114,-0.0101893166853426,-0.0125555563704386,-0.3993746186282125,-0.0157656794345123,28.349,28.1505,28.103666666666665,2,19,11,28.06135828337829,28.06095269589351,47.80793319415447,0.0050547814109194,0.1272159499386815,29.643254077841,26.657745922159005,0.0177703978105468,0.0196277588087255,0.0179272527860622,209868142.0,-1.4610578074282896,0,0,-1,0,0,-0.0065478355765732,-0.6468919905965281,0.0873993876275698,0.3115810116086703,-0.0789652825051054,-0.0528526426321316,-0.0485656743292526,0.015890613451589,0.0
2025-11-20,26.71,27.06,-0.0077192075999583,-0.0043988340724835,-0.0087711675509973,0.631178265634977,-0.0130185956207723,28.196,28.035500000000003,28.059666666666665,3,20,11,27.815656777309503,27.97379445744877,44.00785854616896,-0.1055388964927175,0.0806649806524017,29.60201104119126,26.468988958808744,0.017647955166192,0.0192852530304436,0.0180161076727989,209076830.0,-1.6922957644677952,0,0,-1,0,0,0.0014781966001479,-0.2915195150592908,0.0907439490783946,0.306143900937052,-0.076417704011065,-0.0792830058600483,-0.436695651037169,0.020404342942718,0.0
2025-11-21,27.26,26.71,-0.0137471977348276,0.0076853077261919,-0.0013129515156287,0.1413301474710158,0.0203823991465171,28.105,27.957,28.05733333333333,4,21,11,27.71462827234414,27.92774320212949,50.452079566003626,-0.1471089985939428,0.0351101848031327,29.513191031456188,26.400808968543814,0.0194867457660067,0.0200360959359901,0.0178846734428107,209988267.0,-0.8957769141591685,0,0,-1,0,0,0.0007487832272556,-0.1996450071050285,0.2784340782235907,0.3180631625475718,-0.0491803278688525,-0.0544571626777661,1.922333751005115,0.0289801907556859,0.0
2025-11-24,27.37,27.26,0.0214664053347859,0.0010930953903131,0.0233733511853088,-0.4376919676730154,0.0040270967842011,28.017000000000003,27.881,28.053,0,24,11,27.651968586463383,27.891759769734044,43.271221532091104,-0.1692267823075042,-0.0057572086189946,29.393180718824546,26.36881928117546,0.0195309074121598,0.0200648873616528,0.0178631998890997,210576622.0,-0.6758451468647391,0,0,-1,0,0,0.0018341892883344,-0.5035339295139296,0.2592490532330237,0.3185202122607375,-0.0218012866333094,-0.0526133610245759,1.1066189207569372,0.0069419071976617,0.0
2025-11-25,27.85,27.37,0.0094752895500917,0.015179185552498,0.0109410281782082,-0.0600268409577911,0.0173854433207054,27.869,27.9085,28.07633333333333,1,25,11,27.687974298015497,27.889065591041525,47.9087452471483,-0.1463364216009495,-0.0338730512153856,29.395995599309,26.421004400691,0.0153209632093244,0.0162680889149267,0.0179740548859547,211130699.0,-0.0786556948836294,0,0,-1,0,0,0.0073072707343806,-0.7243040600309774,0.2659747658155396,0.2582479054510965,0.0130956711531466,0.02014652014652,-0.09350117840517,0.0111310592459604,0.0
2025-11-26,28.07,27.85,0.0101047413375877,0.0117669391215818,0.0090269614595915,0.0431798231851536,0.0078684240004981,27.738,27.932,28.085,2,26,11,27.75743351655813,27.900738778716267,48.39924670433147,-0.1091848692342658,-0.0489354148191616,29.41381396661249,26.450186033387507,0.0157442093514281,0.0161839200383352,0.0174834235836165,211709225.0,0.1862581985449595,0,0,-1,0,0,0.0,-0.6135226325639047,0.2102747664020185,0.2569117659575395,0.0373244641537324,0.0170289855072462,-0.9256024659083008,0.0138938368364802,0.0
2025-11-28,28.16,28.07,0.005728622898724,0.0,0.0046834797805885,-0.9013576554046512,0.0032011409160505,27.662,27.9765,28.07933333333333,4,28,11,27.830627422638468,27.91746530912167,49.90619136960599,-0.0716537684428857,-0.0534790855439064,29.427746651046657,26.52525334895334,0.0153766098556077,0.0158992447815621,0.0171517690211955,211944117.0,0.252886027151428,0,0,-1,0,0,-0.0021375133594584,-1.225248979057337,0.126250006318041,0.2523926863545292,0.0542867839760388,0.0326365969930326,0.4833758295357016,0.0092116477272727,0.0
2025-12-01,28.32,28.16,0.0127706595487427,0.0128556846669693,0.012953033289883,0.9700418789021816,0.0056657375356773,27.627,28.0265,28.07266666666667,0,1,12,27.919604254886018,27.94343528917834,50.64695009242145,-0.0286689599203739,-0.0485170604191999,29.45117392393577,26.601826076064228,0.0154133533243321,0.0159238784983975,0.0171388482651852,212563775.0,0.412024106104484,0,0,-1,0,0,0.0074573863636363,-0.3977101248303891,0.0920545588743934,0.2527837344862119,0.0388848129126926,0.0366032210834552,1.7417234558027157,0.0091807909604519,0.0
2025-12-02,28.23,28.32,-0.0070746669324786,-0.0107310379753753,-0.0088684511716056,-0.4998552035559876,-0.0031830265601211,27.652,28.077500000000004,28.064666666666664,1,2,12,27.97603984490674,27.9619233350378,37.55656108597287,-0.0018441787711651,-0.039182484089593,29.451221415129226,26.703778584870783,0.0132169782801095,0.015908330524852,0.0171455847361065,212187879.0,0.2220246380677571,0,0,-1,0,0,-0.0052966101694914,-0.8160298014233085,0.1200071827089315,0.2525369180578577,0.031421264157837,0.0374862183020947,0.569303681944164,0.0072617782500884,0.0
